date,time,flow
2019-10-01,0,16
2019-10-01,1,12
2019-10-01,2,0
2019-10-01,3,0
2019-10-01,4,8
2019-10-01,5,16
2019-10-01,6,48
2019-10-01,7,88
2019-10-01,8,114
2019-10-01,9,100
2019-10-01,10,104
2019-10-01,11,109
2019-10-01,12,104
2019-10-01,13,88
2019-10-01,14,96
2019-10-01,15,80
2019-10-01,16,100
2019-10-01,17,106
2019-10-01,18,79
2019-10-01,19,57
2019-10-01,20,44
2019-10-01,21,36
2019-10-01,22,36
2019-10-01,23,21
2019-10-02,0,16
2019-10-02,1,16
2019-10-02,2,12
2019-10-02,3,4
2019-10-02,4,8
2019-10-02,5,16
2019-10-02,6,54
2019-10-02,7,97
2019-10-02,8,127
2019-10-02,9,105
2019-10-02,10,88
2019-10-02,11,106
2019-10-02,12,105
2019-10-02,13,70
2019-10-02,14,96
2019-10-02,15,92
2019-10-02,16,101
2019-10-02,17,101
2019-10-02,18,84
2019-10-02,19,48
2019-10-02,20,52
2019-10-02,21,44
2019-10-02,22,44
2019-10-02,23,26
2019-10-03,0,16
2019-10-03,1,16
2019-10-03,2,16
2019-10-03,3,4
2019-10-03,4,4
2019-10-03,5,21
2019-10-03,6,53
2019-10-03,7,92
2019-10-03,8,137
2019-10-03,9,119
2019-10-03,10,109
2019-10-03,11,104
2019-10-03,12,109
2019-10-03,13,104
2019-10-03,14,96
2019-10-03,15,92
2019-10-03,16,114
2019-10-03,17,105
2019-10-03,18,84
2019-10-03,19,57
2019-10-03,20,57
2019-10-03,21,62
2019-10-03,22,63
2019-10-03,23,44
2019-10-04,0,21
2019-10-04,1,16
2019-10-04,2,21
2019-10-04,3,16
2019-10-04,4,4
2019-10-04,5,21
2019-10-04,6,58
2019-10-04,7,96
2019-10-04,8,136
2019-10-04,9,110
2019-10-04,10,110
2019-10-04,11,124
2019-10-04,12,131
2019-10-04,13,110
2019-10-04,14,105
2019-10-04,15,110
2019-10-04,16,130
2019-10-04,17,118
2019-10-04,18,115
2019-10-04,19,92
2019-10-04,20,76
2019-10-04,21,84
2019-10-04,22,96
2019-10-04,23,84
2019-10-05,0,62
2019-10-05,1,44
2019-10-05,2,44
2019-10-05,3,21
2019-10-05,4,4
2019-10-05,5,12
2019-10-05,6,21
2019-10-05,7,39
2019-10-05,8,62
2019-10-05,9,71
2019-10-05,10,76
2019-10-05,11,88
2019-10-05,12,109
2019-10-05,13,104
2019-10-05,14,92
2019-10-05,15,84
2019-10-05,16,115
2019-10-05,17,113
2019-10-05,18,124
2019-10-05,19,92
2019-10-05,20,80
2019-10-05,21,88
2019-10-05,22,100
2019-10-05,23,100
2019-10-06,0,66
2019-10-06,1,62
2019-10-06,2,53
2019-10-06,3,21
2019-10-06,4,12
2019-10-06,5,12
2019-10-06,6,21
2019-10-06,7,35
2019-10-06,8,49
2019-10-06,9,66
2019-10-06,10,84
2019-10-06,11,92
2019-10-06,12,100
2019-10-06,13,100
2019-10-06,14,84
2019-10-06,15,84
2019-10-06,16,71
2019-10-06,17,80
2019-10-06,18,80
2019-10-06,19,57
2019-10-06,20,42
2019-10-06,21,48
2019-10-06,22,31
2019-10-06,23,30
2019-10-07,0,12
2019-10-07,1,4
2019-10-07,2,0
2019-10-07,3,0
2019-10-07,4,8
2019-10-07,5,40
2019-10-07,6,75
2019-10-07,7,0
2019-10-07,8,0
2019-10-07,9,0
2019-10-07,10,30
2019-10-07,11,110
2019-10-07,12,96
2019-10-07,13,96
2019-10-07,14,88
2019-10-07,15,80
2019-10-07,16,110
2019-10-07,17,80
2019-10-07,18,67
2019-10-07,19,44
2019-10-07,20,44
2019-10-07,21,48
2019-10-07,22,36
2019-10-07,23,16
2019-10-08,0,12
2019-10-08,1,12
2019-10-08,2,4
2019-10-08,3,0
2019-10-08,4,8
2019-10-08,5,16
2019-10-08,6,57
2019-10-08,7,101
2019-10-08,8,123
2019-10-08,9,109
2019-10-08,10,109
2019-10-08,11,109
2019-10-08,12,100
2019-10-08,13,96
2019-10-08,14,92
2019-10-08,15,84
2019-10-08,16,118
2019-10-08,17,128
2019-10-08,18,88
2019-10-08,19,62
2019-10-08,20,48
2019-10-08,21,36
2019-10-08,22,36
2019-10-08,23,26
2019-10-09,0,16
2019-10-09,1,16
2019-10-09,2,12
2019-10-09,3,0
2019-10-09,4,4
2019-10-09,5,16
2019-10-09,6,62
2019-10-09,7,102
2019-10-09,8,115
2019-10-09,9,106
2019-10-09,10,92
2019-10-09,11,106
2019-10-09,12,115
2019-10-09,13,92
2019-10-09,14,101
2019-10-09,15,101
2019-10-09,16,109
2019-10-09,17,110
2019-10-09,18,79
2019-10-09,19,56
2019-10-09,20,52
2019-10-09,21,48
2019-10-09,22,36
2019-10-09,23,31
2019-10-10,0,16
2019-10-10,1,12
2019-10-10,2,12
2019-10-10,3,8
2019-10-10,4,12
2019-10-10,5,21
2019-10-10,6,53
2019-10-10,7,93
2019-10-10,8,131
2019-10-10,9,109
2019-10-10,10,109
2019-10-10,11,114
2019-10-10,12,105
2019-10-10,13,100
2019-10-10,14,96
2019-10-10,15,96
2019-10-10,16,132
2019-10-10,17,128
2019-10-10,18,92
2019-10-10,19,61
2019-10-10,20,57
2019-10-10,21,57
2019-10-10,22,53
2019-10-10,23,40
2019-10-11,0,16
2019-10-11,1,16
2019-10-11,2,16
2019-10-11,3,16
2019-10-11,4,8
2019-10-11,5,21
2019-10-11,6,53
2019-10-11,7,101
2019-10-11,8,128
2019-10-11,9,114
2019-10-11,10,105
2019-10-11,11,119
2019-10-11,12,128
2019-10-11,13,105
2019-10-11,14,110
2019-10-11,15,92
2019-10-11,16,124
2019-10-11,17,110
2019-10-11,18,101
2019-10-11,19,83
2019-10-11,20,76
2019-10-11,21,88
2019-10-11,22,92
2019-10-11,23,80
2019-10-12,0,58
2019-10-12,1,44
2019-10-12,2,40
2019-10-12,3,17
2019-10-12,4,0
2019-10-12,5,12
2019-10-12,6,21
2019-10-12,7,48
2019-10-12,8,61
2019-10-12,9,57
2019-10-12,10,66
2019-10-12,11,80
2019-10-12,12,105
2019-10-12,13,96
2019-10-12,14,92
2019-10-12,15,75
2019-10-12,16,106
2019-10-12,17,105
2019-10-12,18,105
2019-10-12,19,96
2019-10-12,20,84
2019-10-12,21,92
2019-10-12,22,96
2019-10-12,23,88
2019-10-13,0,66
2019-10-13,1,62
2019-10-13,2,53
2019-10-13,3,25
2019-10-13,4,8
2019-10-13,5,8
2019-10-13,6,21
2019-10-13,7,30
2019-10-13,8,49
2019-10-13,9,71
2019-10-13,10,80
2019-10-13,11,88
2019-10-13,12,101
2019-10-13,13,100
2019-10-13,14,86
2019-10-13,15,76
2019-10-13,16,71
2019-10-13,17,88
2019-10-13,18,80
2019-10-13,19,62
2019-10-13,20,40
2019-10-13,21,48
2019-10-13,22,36
2019-10-13,23,21
2019-10-14,0,8
2019-10-14,1,0
2019-10-14,2,0
2019-10-14,3,0
2019-10-14,4,4
2019-10-14,5,21
2019-10-14,6,53
2019-10-14,7,93
2019-10-14,8,109
2019-10-14,9,96
2019-10-14,10,113
2019-10-14,11,92
2019-10-14,12,96
2019-10-14,13,96
2019-10-14,14,88
2019-10-14,15,84
2019-10-14,16,105
2019-10-14,17,80
2019-10-14,18,75
2019-10-14,19,44
2019-10-14,20,44
2019-10-14,21,44
2019-10-14,22,36
2019-10-14,23,21
2019-10-15,0,16
2019-10-15,1,16
2019-10-15,2,8
2019-10-15,3,0
2019-10-15,4,8
2019-10-15,5,16
2019-10-15,6,48
2019-10-15,7,97
2019-10-15,8,114
2019-10-15,9,92
2019-10-15,10,88
2019-10-15,11,96
2019-10-15,12,100
2019-10-15,13,92
2019-10-15,14,101
2019-10-15,15,84
2019-10-15,16,97
2019-10-15,17,92
2019-10-15,18,88
2019-10-15,19,57
2019-10-15,20,49
2019-10-15,21,44
2019-10-15,22,36
2019-10-15,23,26
2019-10-16,0,16
2019-10-16,1,16
2019-10-16,2,16
2019-10-16,3,0
2019-10-16,4,8
2019-10-16,5,21
2019-10-16,6,57
2019-10-16,7,101
2019-10-16,8,124
2019-10-16,9,106
2019-10-16,10,96
2019-10-16,11,105
2019-10-16,12,105
2019-10-16,13,96
2019-10-16,14,110
2019-10-16,15,96
2019-10-16,16,96
2019-10-16,17,101
2019-10-16,18,88
2019-10-16,19,62
2019-11-20,12,140
2019-11-20,13,105
2019-11-20,14,96
2019-11-20,15,101
2019-11-20,16,100
2019-11-20,17,100
2019-11-20,18,114
2019-11-20,19,92
2019-11-20,20,57
2019-11-20,21,57
2019-11-20,22,48
2019-11-20,23,39
2019-11-21,0,26
2019-11-21,1,16
2019-11-21,2,16
2019-11-21,3,12
2019-11-21,4,8
2019-11-21,5,8
2019-11-21,6,26
2019-11-21,7,53
2019-11-21,8,84
2019-11-21,9,123
2019-11-21,10,110
2019-11-21,11,113
2019-11-21,12,109
2019-11-21,13,105
2019-11-21,14,92
2019-11-21,15,96
2019-11-21,16,88
2019-11-21,17,114
2019-11-21,18,104
2019-11-21,19,101
2019-11-21,20,57
2019-11-21,21,57
2019-11-21,22,62
2019-11-21,23,48
2019-11-22,0,44
2019-11-22,1,16
2019-11-22,2,16
2019-11-22,3,16
2019-11-22,4,8
2019-11-22,5,4
2019-11-22,6,21
2019-11-22,7,48
2019-11-22,8,92
2019-11-22,9,119
2019-11-22,10,118
2019-11-22,11,105
2019-11-22,12,124
2019-11-22,13,127
2019-11-22,14,101
2019-11-22,15,105
2019-11-22,16,100
2019-11-22,17,123
2019-11-22,18,105
2019-11-22,19,106
2019-11-22,20,93
2019-11-22,21,76
2019-11-22,22,88
2019-11-22,23,100
2019-11-23,0,88
2019-11-23,1,58
2019-11-23,2,40
2019-11-23,3,44
2019-11-23,4,17
2019-11-23,5,4
2019-11-23,6,12
2019-11-23,7,21
2019-11-23,8,44
2019-11-23,9,58
2019-11-23,10,66
2019-11-23,11,76
2019-11-23,12,96
2019-11-23,13,118
2019-11-23,14,114
2019-11-23,15,100
2019-11-23,16,92
2019-11-23,17,127
2019-11-23,18,119
2019-11-23,19,128
2019-11-23,20,96
2019-11-23,21,84
2019-11-23,22,92
2019-11-23,23,114
2019-11-24,0,106
2019-11-24,1,75
2019-11-24,2,71
2019-11-24,3,61
2019-11-24,4,26
2019-11-24,5,12
2019-11-24,6,12
2019-11-24,7,21
2019-11-24,8,30
2019-11-24,9,49
2019-11-24,10,71
2019-11-24,11,80
2019-11-24,12,84
2019-11-24,13,109
2019-11-24,14,100
2019-11-24,15,84
2019-11-24,16,88
2019-11-24,17,75
2019-11-24,18,88
2019-11-24,19,87
2019-11-24,20,52
2019-11-24,21,44
2019-11-24,22,40
2019-11-24,23,36
2019-11-25,0,30
2019-11-25,1,8
2019-11-25,2,4
2019-11-25,3,0
2019-11-25,4,4
2019-11-25,5,12
2019-11-25,6,21
2019-11-25,7,58
2019-11-25,8,101
2019-11-25,9,123
2019-11-25,10,105
2019-11-25,11,100
2019-11-25,12,105
2019-11-25,13,96
2019-11-25,14,100
2019-11-25,15,88
2019-11-25,16,88
2019-11-25,17,118
2019-11-25,18,88
2019-11-25,19,80
2019-11-25,20,53
2019-11-25,21,44
2019-11-25,22,40
2019-11-25,23,36
2019-11-26,0,16
2019-11-26,1,16
2019-11-26,2,4
2019-11-26,3,4
2019-11-26,4,0
2019-11-26,5,12
2019-11-26,6,21
2019-11-26,7,57
2019-11-26,8,88
2019-11-26,9,123
2019-11-26,10,110
2019-11-26,11,110
2019-11-26,12,105
2019-11-26,13,100
2019-11-26,14,92
2019-11-26,15,96
2019-11-26,16,80
2019-11-26,17,105
2019-11-26,18,115
2019-11-26,19,88
2019-11-26,20,57
2019-11-26,21,44
2019-11-26,22,44
2019-11-26,23,36
2019-11-27,0,26
2019-11-27,1,16
2019-11-27,2,16
2019-11-27,3,16
2019-11-27,4,4
2019-11-27,5,8
2019-11-27,6,21
2019-11-27,7,53
2019-11-27,8,110
2019-11-27,9,127
2019-11-27,10,119
2019-11-27,11,100
2019-11-27,12,105
2019-11-27,13,106
2019-11-27,14,92
2019-11-27,15,109
2019-11-27,16,114
2019-11-27,17,124
2019-11-27,18,123
2019-11-27,19,101
2019-11-27,20,67
2019-11-27,21,67
2019-11-27,22,48
2019-11-27,23,48
2019-11-28,0,36
2019-11-28,1,16
2019-11-28,2,16
2019-11-28,3,16
2019-11-28,4,8
2019-11-28,5,12
2019-11-28,6,31
2019-11-28,7,63
2019-11-28,8,118
2019-11-28,9,151
2019-11-28,10,97
2019-11-28,11,109
2019-11-28,12,109
2019-11-28,13,109
2019-11-28,14,92
2019-11-28,15,100
2019-11-28,16,96
2019-11-28,17,141
2019-11-28,18,137
2019-11-28,19,105
2019-11-28,20,76
2019-11-28,21,71
2019-11-28,22,80
2019-11-28,23,75
2019-11-29,0,58
2019-11-29,1,31
2019-11-29,2,21
2019-11-29,3,21
2019-11-29,4,16
2019-11-29,5,8
2019-11-29,6,30
2019-11-29,7,58
2019-11-29,8,115
2019-11-29,9,149
2019-11-29,10,128
2019-11-29,11,114
2019-11-29,12,136
2019-11-29,13,132
2019-11-29,14,128
2019-11-29,15,118
2019-11-29,16,115
2019-11-29,17,150
2019-11-29,18,119
2019-11-29,19,118
2019-11-29,20,105
2019-11-29,21,88
2019-11-29,22,100
2019-11-29,23,109
2019-11-30,0,106
2019-11-30,1,79
2019-11-30,2,62
2019-11-30,3,62
2019-11-30,4,30
2019-11-30,5,8
2019-11-30,6,16
2019-11-30,7,21
2019-11-30,8,35
2019-11-30,9,62
2019-11-30,10,67
2019-11-30,11,76
2019-11-30,12,84
2019-11-30,13,100
2019-11-30,14,104
2019-11-30,15,97
2019-11-30,16,96
2019-11-30,17,119
2019-11-30,18,105
2019-11-30,19,123
2019-11-30,20,88
2019-11-30,21,80
2019-11-30,22,88
2019-11-30,23,96
2019-12-01,0,100
2019-12-01,1,71
2019-12-01,2,62
2019-12-01,3,53
2019-12-01,4,21
2019-12-01,5,8
2019-12-01,6,12
2019-12-01,7,21
2019-12-01,8,30
2019-12-01,9,44
2019-12-01,10,71
2019-12-01,11,80
2019-12-01,12,80
2019-12-01,13,105
2019-12-01,14,88
2019-12-01,15,84
2019-12-01,16,80
2019-12-01,17,71
2019-12-01,18,80
2019-12-01,19,80
2019-12-01,20,52
2019-12-01,21,44
2019-12-01,22,44
2019-12-01,23,31
2019-12-02,0,26
2019-12-02,1,12
2019-12-02,2,4
2019-12-02,3,4
2019-12-02,4,4
2019-12-02,5,8
2019-12-02,6,21
2019-12-02,7,48
2019-12-02,8,93
2019-12-02,9,114
2019-12-02,10,79
2019-12-02,11,96
2019-12-02,12,105
2019-12-02,13,96
2019-12-02,14,100
2019-12-02,15,88
2019-12-02,16,80
2019-12-02,17,105
2019-12-02,18,76
2019-12-02,19,72
2019-12-02,20,48
2019-12-02,21,40
2019-12-02,22,40
2019-12-02,23,36
2019-12-03,0,16
2019-12-03,1,12
2019-12-03,2,16
2019-12-03,3,12
2019-12-03,4,0
2019-12-03,5,8
2019-12-03,6,16
2019-12-03,7,48
2019-12-03,8,88
2019-12-03,9,128
2019-12-03,10,105
2019-12-03,11,100
2019-12-03,12,101
2019-12-03,13,104
2019-12-03,14,92
2019-12-03,15,92
2019-12-03,16,84
2019-12-03,17,101
2019-12-03,18,106
2019-12-03,19,84
2019-12-03,20,57
2019-12-03,21,44
2019-12-03,22,36
2019-12-03,23,36
2019-12-04,0,21
2019-12-04,1,16
2019-12-04,2,12
2019-12-04,3,4
2019-12-04,4,0
2019-12-04,5,4
2019-12-04,6,21
2019-12-04,7,53
2019-12-04,8,92
2019-12-04,9,123
2019-12-04,10,101
2019-12-04,11,104
2019-12-04,12,110
2019-12-04,13,105
2019-12-04,14,92
2019-12-04,15,110
2019-12-04,16,106
2019-12-04,17,104
2019-12-04,18,114
2019-12-04,19,88
2019-12-04,20,62
2019-12-04,21,52
2019-12-04,22,48
2019-12-04,23,36
2019-12-05,0,31
2019-12-05,1,16
2019-12-05,2,16
2019-12-05,3,12
2019-12-05,4,4
2019-12-05,5,8
2019-12-05,6,26
2019-12-05,7,48
2019-12-05,8,93
2019-12-05,9,127
2019-12-05,10,114
2019-12-05,11,118
2019-12-05,12,128
2019-12-05,13,123
2019-12-05,14,114
2019-12-05,15,96
2019-12-05,16,96
2019-12-05,17,132
2019-12-05,18,128
2019-12-05,19,93
2019-12-05,20,57
2019-12-05,21,57
2019-12-05,22,62
2019-12-05,23,53
2019-12-06,0,49
2019-12-06,1,26
2019-12-06,2,16
2019-12-06,3,16
2019-12-06,4,16
2019-12-06,5,4
2019-12-06,6,21
2019-12-06,7,57
2019-12-06,8,106
2019-12-06,9,131
2019-12-06,10,128
2019-12-06,11,123
2019-12-06,12,132
2019-12-06,13,132
2019-12-06,14,114
2019-12-06,15,105
2019-12-06,16,101
2019-12-06,17,132
2019-12-06,18,118
2019-12-06,19,123
2019-12-06,20,93
2019-12-06,21,84
2019-12-06,22,96
2019-12-06,23,104
2019-12-07,0,101
2019-12-07,1,75
2019-12-07,2,52
2019-12-07,3,48
2019-12-07,4,21
2019-12-07,5,4
2019-12-07,6,12
2019-12-07,7,21
2019-12-07,8,48
2019-12-07,9,71
2019-12-07,10,71
2019-12-07,11,84
2019-12-07,12,96
2019-12-07,13,119
2019-12-07,14,120
2019-12-07,15,114
2019-12-07,16,100
2019-12-07,17,127
2019-12-07,18,132
2019-12-07,19,141
2019-12-07,20,113
2019-12-07,21,88
2019-12-07,22,88
2019-12-07,23,109
2019-12-08,0,114
2019-12-08,1,76
2019-12-08,2,67
2019-12-08,3,57
2019-12-08,4,26
2019-12-08,5,8
2019-12-08,6,12
2019-12-08,7,31
2019-12-08,8,49
2019-12-08,9,93
2019-12-08,10,113
2019-12-08,11,119
2019-12-08,12,105
2019-12-08,13,114
2019-12-08,14,88
2019-12-08,15,84
2019-12-08,16,76
2019-12-08,17,76
2019-12-08,18,76
2019-12-08,19,75
2019-12-08,20,52
2019-12-08,21,44
2019-12-08,22,48
2019-12-08,23,36
2019-12-09,0,26
2019-12-09,1,16
2019-12-09,2,16
2019-12-09,3,4
2019-12-09,4,4
2019-12-09,5,8
2019-12-09,6,26
2019-12-09,7,48
2019-12-09,8,97
2019-12-09,9,114
2019-12-09,10,93
2019-12-09,11,96
2019-12-09,12,96
2019-12-09,13,96
2019-12-09,14,92
2019-12-09,15,92
2019-12-09,16,88
2019-12-09,17,104
2019-12-09,18,88
2019-12-09,19,75
2019-12-09,20,44
2019-12-09,21,44
2019-12-09,22,44
2019-12-09,23,36
2019-12-10,0,16
2019-12-10,1,12
2019-12-10,2,12
2019-12-10,3,4
2019-12-10,4,0
2019-12-10,5,8
2019-12-10,6,16
2019-12-10,7,52
2019-12-10,8,102
2019-12-10,9,132
2019-12-10,10,122
2019-12-10,11,110
2019-12-10,12,114
2019-12-10,13,114
2019-12-10,14,101
2019-12-10,15,100
2019-12-10,16,88
2019-12-10,17,110
2019-12-10,18,105
2019-12-10,19,84
2019-12-10,20,57
2019-12-10,21,44
2019-12-10,22,44
2019-12-10,23,36
2019-12-11,0,26
2019-12-11,1,16
2019-12-11,2,16
2019-12-11,3,12
2019-12-11,4,0
2019-12-11,5,4
2019-12-11,6,26
2019-12-11,7,53
2019-12-11,8,105
2019-12-11,9,133
2019-12-11,10,96
2019-12-11,11,92
2019-12-11,12,105
2019-12-11,13,100
2019-12-11,14,79
2019-12-11,15,100
2019-12-11,16,92
2019-12-11,17,104
2019-12-11,18,110
2019-12-11,19,88
2019-12-11,20,57
2019-12-11,21,48
2019-12-11,22,44
2019-12-11,23,36
2019-12-12,0,30
2019-12-12,1,16
2019-12-12,2,12
2019-12-12,3,12
2019-12-12,4,4
2019-12-12,5,4
2019-12-12,6,16
2019-12-12,7,48
2019-12-12,8,88
2019-12-12,9,123
2019-12-12,10,110
2019-12-12,11,109
2019-12-12,12,128
2019-12-12,13,118
2019-12-12,14,78
2019-12-12,15,104
2019-12-12,16,84
2019-12-12,17,123
2019-12-12,18,123
2019-12-12,19,92
2019-12-12,20,61
2019-12-12,21,57
2019-12-12,22,57
2019-12-12,23,53
2019-12-13,0,40
2019-12-13,1,36
2019-12-13,2,16
2019-12-13,3,16
2019-12-13,4,16
2019-12-13,5,5
2019-12-13,6,26
2019-12-13,7,53
2019-12-13,8,110
2019-12-13,9,127
2019-12-13,10,115
2019-12-13,11,119
2019-12-13,12,119
2019-12-13,13,132
2019-12-13,14,109
2019-12-13,15,110
2019-12-13,16,105
2019-12-13,17,133
2019-12-13,18,110
2019-12-13,19,118
2019-12-13,20,88
2019-12-13,21,84
2019-12-13,22,84
2019-12-13,23,100
2019-12-14,0,105
2019-12-14,1,67
2019-12-14,2,52
2019-12-14,3,44
2019-12-14,4,21
2019-12-14,5,0
2019-12-14,6,8
2019-12-14,7,21
2019-12-14,8,35
2019-12-14,9,58
2019-12-14,10,67
2019-12-14,11,71
2019-12-14,12,88
2019-12-14,13,115
2019-12-14,14,104
2019-12-14,15,97
2019-12-14,16,88
2019-12-14,17,114
2019-12-14,18,119
2019-12-14,19,114
2019-12-14,20,92
2019-12-14,21,84
2019-12-14,22,84
2019-12-14,23,104
2019-12-15,0,109
2019-12-15,1,75
2019-12-15,2,72
2019-12-15,3,53
2019-12-15,4,31
2019-12-15,5,8
2019-12-15,6,8
2019-12-15,7,21
2019-12-15,8,30
2019-12-15,9,49
2019-12-15,10,66
2019-12-15,11,84
2019-12-15,12,84
2019-12-15,13,105
2019-12-15,14,88
2019-12-15,15,88
2019-12-15,16,84
2019-12-15,17,84
2019-12-15,18,84
2019-12-15,19,75
2019-12-15,20,52
2019-12-15,21,44
2019-12-15,22,40
2019-12-15,23,36
2019-12-16,0,26
2019-12-16,1,16
2019-12-16,2,12
2019-12-16,3,4
2019-12-16,4,0
2019-12-16,5,8
2019-12-16,6,21
2019-12-16,7,53
2019-12-16,8,97
2019-12-16,9,118
2019-12-16,10,114
2019-12-16,11,100
2019-12-16,12,105
2019-12-16,13,96
2019-12-16,14,101
2019-12-16,15,88
2019-12-16,16,84
2019-12-16,17,114
2019-12-16,18,84
2019-12-16,19,84
2019-12-16,20,48
2019-12-16,21,44
2019-12-16,22,40
2019-12-16,23,36
2019-12-17,0,16
2019-12-17,1,16
2019-12-17,2,12
2019-12-17,3,0
2019-12-17,4,0
2019-12-17,5,8
2019-12-17,6,16
2019-12-17,7,53
2019-12-17,8,93
2019-12-17,9,123
2019-12-17,10,100
2019-12-17,11,104
2019-12-17,12,105
2019-12-17,13,100
2019-12-17,14,92
2019-12-17,15,100
2019-12-17,16,84
2019-12-17,17,104
2019-12-17,18,106
2019-12-17,19,92
2019-12-17,20,62
2019-12-17,21,44
2019-12-17,22,36
2019-12-17,23,36
2019-12-18,0,21
2019-12-18,1,16
2019-12-18,2,16
2019-12-18,3,12
2019-12-18,4,0
2019-12-18,5,4
2019-12-18,6,16
2019-12-18,7,53
2019-12-18,8,92
2019-12-18,9,127
2019-12-18,10,110
2019-12-18,11,96
2019-12-18,12,110
2019-12-18,13,100
2019-12-18,14,92
2019-12-18,15,105
2019-12-18,16,96
2019-12-18,17,104
2019-12-18,18,114
2019-12-18,19,92
2019-12-18,20,57
2019-12-18,21,52
2019-12-18,22,44
2019-12-18,23,36
2019-12-19,0,36
2019-12-19,1,16
2019-12-19,2,16
2019-12-19,3,12
2019-12-19,4,8
2019-12-19,5,4
2019-12-19,6,26
2019-12-19,7,48
2019-12-19,8,93
2019-12-19,9,123
2019-12-19,10,118
2019-12-19,11,105
2019-12-19,12,119
2019-12-19,13,96
2019-12-19,14,109
2019-12-19,15,109
2019-12-19,16,101
2019-12-19,17,132
2019-12-19,18,123
2019-12-19,19,100
2019-12-19,20,76
2019-12-19,21,62
2019-12-19,22,72
2019-12-19,23,58
2019-12-20,0,48
2019-12-20,1,36
2019-12-20,2,16
2019-12-20,3,21
2019-12-20,4,16
2019-12-20,5,4
2019-12-20,6,26
2019-12-20,7,63
2019-12-20,8,106
2019-12-20,9,136
2019-12-20,10,123
2019-12-20,11,123
2019-12-20,12,132
2019-12-20,13,137
2019-12-20,14,118
2019-12-20,15,109
2019-12-20,16,114
2019-12-20,17,150
2019-12-20,18,123
2019-12-20,19,119
2019-12-20,20,114
2019-12-20,21,92
2019-12-20,22,96
2019-12-20,23,104
2019-12-21,0,114
2019-12-21,1,67
2019-12-21,2,52
2019-12-21,3,48
2019-12-21,4,26
2019-12-21,5,4
2019-12-21,6,12
2019-12-21,7,21
2019-12-21,8,44
2019-12-21,9,62
2019-12-21,10,76
2019-12-21,11,76
2019-12-21,12,92
2019-12-21,13,123
2019-12-21,14,124
2019-12-21,15,128
2019-12-21,16,119
2019-12-21,17,141
2019-12-21,18,132
2019-12-21,19,141
2019-12-21,20,114
2019-12-21,21,101
2019-12-21,22,110
2019-12-21,23,128
2019-12-22,0,132
2019-12-22,1,93
2019-12-22,2,88
2019-12-22,3,66
2019-12-22,4,30
2019-12-22,5,12
2019-12-22,6,16
2019-12-22,7,21
2019-12-22,8,30
2019-12-22,9,49
2019-12-22,10,66
2019-12-22,11,88
2019-12-22,12,88
2019-12-22,13,114
2019-12-22,14,100
2019-12-22,15,92
2019-12-22,16,92
2019-12-22,17,80
2019-12-22,18,88
2019-12-22,19,80
2019-12-22,20,57
2019-12-22,21,53
2019-12-22,22,44
2019-12-22,23,40
2019-12-23,0,30
2019-12-23,1,16
2019-12-23,2,12
2019-12-23,3,8
2019-12-23,4,4
2019-12-23,5,8
2019-12-23,6,21
2019-12-23,7,48
2019-12-23,8,93
2019-12-23,9,109
2019-12-23,10,105
2019-12-23,11,96
2019-12-23,12,105
2019-12-23,13,113
2019-12-23,14,110
2019-12-23,15,100
2019-12-23,16,88
2019-12-23,17,128
2019-12-23,18,89
2019-12-23,19,84
2019-12-23,20,62
2019-12-23,21,49
2019-12-23,22,52
2019-12-23,23,44
2019-12-24,0,21
2019-12-24,1,16
2019-12-24,2,16
2019-12-24,3,8
2019-12-24,4,4
2019-12-24,5,8
2019-12-24,6,21
2019-12-24,7,48
2019-12-24,8,93
2019-12-24,9,119
2019-12-24,10,105
2019-12-24,11,105
2019-12-24,12,109
2019-12-24,13,119
2019-12-24,14,92
2019-12-24,15,96
2019-12-24,16,88
2019-12-24,17,84
2019-12-24,18,88
2019-12-24,19,71
2019-12-24,20,62
2019-12-24,21,44
2019-12-24,22,40
2019-12-24,23,31
2019-12-25,0,21
2019-12-25,1,16
2019-12-25,2,8
2019-12-25,3,12
2019-12-25,4,0
2019-12-25,5,4
2019-12-25,6,16
2019-12-25,7,66
2019-12-25,8,132
2019-12-25,9,168
2019-12-25,10,141
2019-12-25,11,128
2019-12-25,12,123
2019-12-25,13,119
2019-12-25,14,105
2019-12-25,15,114
2019-12-25,16,92
2019-12-25,17,100
2019-12-25,18,96
2019-12-25,19,80
2019-12-25,20,53
2019-12-25,21,48
2019-12-25,22,40
2019-12-25,23,31
2019-12-26,0,16
2019-12-26,1,12
2019-12-26,2,8
2019-12-26,3,8
2019-12-26,4,4
2019-12-26,5,4
2019-12-26,6,16
2019-12-26,7,48
2019-12-26,8,88
2019-12-26,9,105
2019-12-26,10,96
2019-12-26,11,88
2019-12-26,12,88
2019-12-26,13,97
2019-12-26,14,92
2019-12-26,15,84
2019-12-26,16,76
2019-12-26,17,92
2019-12-26,18,92
2019-12-26,19,71
2019-12-26,20,57
2019-12-26,21,53
2019-12-26,22,52
2019-12-26,23,48
2019-12-27,0,36
2019-12-27,1,16
2019-12-27,2,16
2019-12-27,3,16
2019-12-27,4,16
2019-12-27,5,4
2019-12-27,6,16
2019-12-27,7,39
2019-12-27,8,84
2019-12-27,9,118
2019-12-27,10,105
2019-12-27,11,96
2019-12-27,12,124
2019-12-27,13,132
2019-12-27,14,110
2019-12-27,15,105
2019-12-27,16,110
2019-12-27,17,119
2019-12-27,18,100
2019-12-27,19,101
2019-12-27,20,83
2019-12-27,21,76
2019-12-27,22,84
2019-12-27,23,100
2019-12-28,0,84
2019-12-28,1,58
2019-12-28,2,44
2019-12-28,3,44
2019-12-28,4,21
2019-12-28,5,4
2019-12-28,6,12
2019-12-28,7,21
2019-12-28,8,48
2019-12-28,9,66
2019-12-28,10,71
2019-12-28,11,75
2019-12-28,12,88
2019-12-28,13,114
2019-12-28,14,109
2019-12-28,15,101
2019-12-28,16,96
2019-12-28,17,115
2019-12-28,18,114
2019-12-28,19,114
2019-12-28,20,97
2019-12-28,21,84
2019-12-28,22,92
2019-12-28,23,96
2019-12-29,0,92
2019-12-29,1,71
2019-12-29,2,62
2019-12-29,3,53
2019-12-29,4,21
2019-12-29,5,8
2019-12-29,6,12
2019-12-29,7,21
2019-12-29,8,35
2019-12-29,9,53
2019-12-29,10,71
2019-12-29,11,88
2019-12-29,12,92
2019-12-29,13,105
2019-12-29,14,96
2019-12-29,15,92
2019-12-29,16,84
2019-12-29,17,71
2019-12-29,18,80
2019-12-29,19,80
2019-12-29,20,62
2019-12-29,21,48
2019-12-29,22,48
2019-12-29,23,40
2019-12-30,0,31
2019-12-30,1,16
2019-12-30,2,16
2019-12-30,3,8
2019-12-30,4,12
2019-12-30,5,8
2019-12-30,6,21
2019-12-30,7,58
2019-12-30,8,115
2019-12-30,9,137
2019-12-30,10,127
2019-12-30,11,109
2019-12-30,12,122
2019-12-30,13,114
2019-12-30,14,118
2019-12-30,15,115
2019-12-30,16,92
2019-12-30,17,132
2019-12-30,18,100
2019-12-30,19,88
2019-12-30,20,62
2019-12-30,21,57
2019-12-30,22,52
2019-12-30,23,40
2019-12-31,0,31
2019-12-31,1,16
2019-12-31,2,16
2019-12-31,3,12
2019-12-31,4,0
2019-12-31,5,12
2019-12-31,6,31
2019-12-31,7,44
2019-12-31,8,88
2019-12-31,9,114
2019-12-31,10,96
2019-12-31,11,88
2019-12-31,12,104
2019-12-31,13,100
2019-12-31,14,96
2019-12-31,15,88
2019-12-31,16,80
2019-12-31,17,84
2019-12-31,18,106
2019-12-31,19,76
2019-12-31,20,67
2019-12-31,21,52
2019-12-31,22,52
2019-12-31,23,44
2020-01-01,0,31
2020-01-01,1,40
2020-01-01,2,36
2020-01-01,3,21
2020-01-01,4,12
2020-01-01,5,12
2020-01-01,6,16
2020-01-01,7,44
2020-01-01,8,84
2020-01-01,9,100
2020-01-01,10,92
2020-01-01,11,80
2020-01-01,12,100
2020-01-01,13,92
2020-01-01,14,84
2020-01-01,15,92
2020-01-01,16,92
2020-01-01,17,96
2020-01-01,18,92
2020-01-01,19,76
2020-01-01,20,52
2020-01-01,21,48
2020-01-01,22,44
2020-01-01,23,31
2020-01-02,0,16
2020-01-02,1,16
2020-01-02,2,8
2020-01-02,3,8
2020-01-02,4,4
2020-01-02,5,4
2020-01-02,6,16
2020-01-02,7,48
2020-01-02,8,83
2020-01-02,9,110
2020-01-02,10,93
2020-01-02,11,97
2020-01-02,12,109
2020-01-02,13,109
2020-01-02,14,100
2020-01-02,15,96
2020-01-02,16,84
2020-01-02,17,115
2020-01-02,18,105
2020-01-02,19,84
2020-01-02,20,62
2020-01-02,21,57
2020-01-02,22,57
2020-01-02,23,53
2020-01-03,0,36
2020-01-03,1,16
2020-01-03,2,16
2020-01-03,3,16
2020-01-03,4,16
2020-01-03,5,4
2020-01-03,6,21
2020-01-03,7,53
2020-01-03,8,97
2020-01-03,9,118
2020-01-03,10,114
2020-01-03,11,105
2020-01-03,12,115
2020-01-03,13,124
2020-01-03,14,109
2020-01-03,15,105
2020-01-03,16,100
2020-01-03,17,123
2020-01-03,18,96
2020-01-03,19,92
2020-01-03,20,93
2020-01-03,21,76
2020-01-03,22,88
2020-01-03,23,92
2020-01-04,0,80
2020-01-04,1,63
2020-01-04,2,36
2020-01-04,3,44
2020-01-04,4,17
2020-01-04,5,4
2020-01-04,6,12
2020-01-04,7,21
2020-01-04,8,48
2020-01-04,9,67
2020-01-04,10,71
2020-01-04,11,71
2020-01-04,12,84
2020-01-04,13,100
2020-01-04,14,96
2020-01-04,15,101
2020-01-04,16,88
2020-01-04,17,115
2020-01-04,18,105
2020-01-04,19,110
2020-01-04,20,88
2020-01-04,21,84
2020-01-04,22,97
2020-01-04,23,92
2020-01-05,0,88
2020-01-05,1,62
2020-01-05,2,52
2020-01-05,3,44
2020-01-05,4,16
2020-01-05,5,0
2020-01-05,6,12
2020-01-05,7,21
2020-01-05,8,30
2020-01-05,9,49
2020-01-05,10,66
2020-01-05,11,80
2020-01-05,12,84
2020-01-05,13,105
2020-01-05,14,88
2020-01-05,15,84
2020-01-05,16,80
2020-01-05,17,71
2020-01-05,18,84
2020-01-05,19,75
2020-01-05,20,62
2020-01-05,21,44
2020-01-05,22,48
2020-01-05,23,36
2020-01-06,0,21
2020-01-06,1,4
2020-01-06,2,0
2020-01-06,3,0
2020-01-06,4,0
2020-01-06,5,8
2020-01-06,6,21
2020-01-06,7,53
2020-01-06,8,96
2020-01-06,9,123
2020-01-06,10,119
2020-01-06,11,96
2020-01-06,12,105
2020-01-06,13,96
2020-01-06,14,101
2020-01-06,15,92
2020-01-06,16,80
2020-01-06,17,119
2020-01-06,18,75
2020-01-06,19,67
2020-01-06,20,44
2020-01-06,21,44
2020-01-06,22,36
2020-01-06,23,36
2020-01-07,0,16
2020-01-07,1,8
2020-01-07,2,16
2020-01-07,3,12
2020-01-07,4,0
2020-01-07,5,8
2020-01-07,6,21
2020-01-07,7,57
2020-01-07,8,102
2020-01-07,9,137
2020-01-07,10,109
2020-01-07,11,104
2020-01-07,12,109
2020-01-07,13,110
2020-01-07,14,92
2020-01-07,15,96
2020-01-07,16,83
2020-01-07,17,109
2020-01-07,18,92
2020-01-07,19,84
2020-01-07,20,66
2020-01-07,21,44
2020-01-07,22,36
2020-01-07,23,36
2020-01-08,0,21
2020-01-08,1,16
2020-01-08,2,12
2020-01-08,3,16
2020-01-08,4,4
2020-01-08,5,4
2020-01-08,6,21
2020-01-08,7,53
2020-01-08,8,97
2020-01-08,9,128
2020-01-08,10,101
2020-01-08,11,96
2020-01-08,12,110
2020-01-08,13,109
2020-01-08,14,84
2020-01-08,15,96
2020-01-08,16,101
2020-01-08,17,109
2020-01-08,18,101
2020-01-08,19,84
2020-01-08,20,57
2020-01-08,21,52
2020-01-08,22,44
2020-01-08,23,44
2020-01-09,0,31
2020-01-09,1,16
2020-01-09,2,8
2020-01-09,3,8
2020-01-09,4,4
2020-01-09,5,4
2020-01-09,6,21
2020-01-09,7,58
2020-01-09,8,102
2020-01-09,9,141
2020-01-09,10,118
2020-01-09,11,123
2020-01-09,12,115
2020-01-09,13,113
2020-01-09,14,109
2020-01-09,15,96
2020-01-09,16,96
2020-01-09,17,127
2020-01-09,18,131
2020-01-09,19,93
2020-01-09,20,57
2020-01-09,21,57
2020-01-09,22,62
2020-01-09,23,54
2020-01-10,0,40
2020-01-10,1,16
2020-01-10,2,16
2020-01-10,3,16
2020-01-10,4,16
2020-01-10,5,4
2020-01-10,6,26
2020-01-10,7,48
2020-01-10,8,101
2020-01-10,9,119
2020-01-10,10,105
2020-01-10,11,100
2020-01-10,12,123
2020-01-10,13,119
2020-01-10,14,110
2020-01-10,15,105
2020-01-10,16,100
2020-01-10,17,133
2020-01-10,18,109
2020-01-10,19,101
2020-01-10,20,93
2020-01-10,21,76
2020-01-10,22,84
2020-01-10,23,96
2020-01-11,0,84
2020-01-11,1,53
2020-01-11,2,40
2020-01-11,3,40
2020-01-11,4,17
2020-01-11,5,0
2020-01-11,6,12
2020-01-11,7,21
2020-01-11,8,44
2020-01-11,9,57
2020-01-11,10,62
2020-01-11,11,71
2020-01-11,12,88
2020-01-11,13,128
2020-01-11,14,110
2020-01-11,15,105
2020-01-11,16,105
2020-01-11,17,127
2020-01-11,18,119
2020-01-11,19,133
2020-01-11,20,105
2020-01-11,21,93
2020-01-11,22,105
2020-01-11,23,109
2020-01-12,0,114
2020-01-12,1,79
2020-01-12,2,76
2020-01-12,3,57
2020-01-12,4,26
2020-01-12,5,8
2020-01-12,6,12
2020-01-12,7,21
2020-01-12,8,35
2020-01-12,9,53
2020-01-12,10,71
2020-01-12,11,84
2020-01-12,12,84
2020-01-12,13,100
2020-01-12,14,92
2020-01-12,15,84
2020-01-12,16,82
2020-01-12,17,71
2020-01-12,18,80
2020-01-12,19,79
2020-01-12,20,57
2020-01-12,21,44
2020-01-12,22,40
2020-01-12,23,31
2020-01-13,0,26
2020-01-13,1,8
2020-01-13,2,8
2020-01-13,3,4
2020-01-13,4,0
2020-01-13,5,8
2020-01-13,6,21
2020-01-13,7,58
2020-01-13,8,89
2020-01-13,9,108
2020-01-13,10,110
2020-01-13,11,92
2020-01-13,12,96
2020-01-13,13,96
2020-01-13,14,97
2020-01-13,15,96
2020-01-13,16,80
2020-01-13,17,118
2020-01-13,18,84
2020-01-13,19,71
2020-01-13,20,49
2020-01-13,21,44
2020-01-13,22,40
2020-01-13,23,36
2020-01-14,0,16
2020-01-14,1,12
2020-01-14,2,12
2020-01-14,3,12
2020-01-14,4,0
2020-01-14,5,8
2020-01-14,6,16
2020-01-14,7,57
2020-01-14,8,93
2020-01-14,9,132
2020-01-14,10,114
2020-01-14,11,100
2020-01-14,12,101
2020-01-14,13,100
2020-01-14,14,99
2020-01-14,15,88
2020-01-14,16,84
2020-01-14,17,101
2020-01-14,18,102
2020-01-14,19,76
2020-01-14,20,57
2020-01-14,21,48
2020-01-14,22,44
2020-01-14,23,36
2020-01-15,0,21
2020-01-15,1,12
2020-01-15,2,16
2020-01-15,3,12
2020-01-15,4,0
2020-01-15,5,4
2020-01-15,6,16
2020-01-15,7,48
2020-01-15,8,92
2020-01-15,9,110
2020-01-15,10,95
2020-01-15,11,92
2020-01-15,12,100
2020-01-15,13,100
2020-01-15,14,105
2020-01-15,15,82
2020-01-15,16,95
2020-01-15,17,109
2020-01-15,18,109
2020-01-15,19,84
2020-01-15,20,57
2020-01-15,21,52
2020-01-15,22,44
2020-01-15,23,40
2020-01-16,0,26
2020-01-16,1,16
2020-01-16,2,16
2020-01-16,3,12
2020-01-16,4,4
2020-01-16,5,4
2020-01-16,6,25
2020-01-16,7,48
2020-01-16,8,102
2020-01-16,9,131
2020-01-16,10,110
2020-01-16,11,112
2020-01-16,12,119
2020-01-16,13,88
2020-01-16,14,105
2020-01-16,15,96
2020-01-16,16,97
2020-01-16,17,125
2020-01-16,18,123
2020-01-16,19,92
2020-01-16,20,65
2020-01-16,21,57
2020-01-16,22,62
2020-01-16,23,48
2020-01-17,0,44
2020-01-17,1,21
2020-01-17,2,16
2020-01-17,3,16
2020-01-17,4,16
2020-01-17,5,4
2020-01-17,6,26
2020-01-17,7,58
2020-01-17,8,101
2020-01-17,9,131
2020-01-17,10,118
2020-01-17,11,114
2020-01-17,12,128
2020-01-17,13,159
2020-01-17,14,129
2020-01-17,15,123
2020-01-17,16,119
2020-01-17,17,144
2020-01-17,18,128
2020-01-17,19,123
2020-01-17,20,114
2020-01-17,21,122
2020-01-17,22,114
2020-01-17,23,124
2020-01-18,0,110
2020-01-18,1,75
2020-01-18,2,62
2020-01-18,3,62
2020-01-18,4,30
2020-01-18,5,8
2020-01-18,6,16
2020-01-18,7,26
2020-01-18,8,48
2020-01-18,9,71
2020-01-18,10,71
2020-01-18,11,84
2020-01-18,12,92
2020-01-18,13,114
2020-01-18,14,114
2020-01-18,15,109
2020-01-18,16,100
2020-01-18,17,131
2020-01-18,18,123
2020-01-18,19,132
2020-01-18,20,109
2020-01-18,21,97
2020-01-18,22,105
2020-01-18,23,124
2020-01-19,0,114
2020-01-19,1,84
2020-01-19,2,80
2020-01-19,3,62
2020-01-19,4,26
2020-01-19,5,12
2020-01-19,6,16
2020-01-19,7,21
2020-01-19,8,35
2020-01-19,9,53
2020-01-19,10,80
2020-01-19,11,92
2020-01-19,12,96
2020-01-19,13,118
2020-01-19,14,115
2020-01-19,15,100
2020-01-19,16,102
2020-01-19,17,88
2020-01-19,18,92
2020-01-19,19,92
2020-01-19,20,80
2020-01-19,21,62
2020-01-19,22,57
2020-01-19,23,48
2020-01-20,0,26
2020-01-20,1,16
2020-01-20,2,16
2020-01-20,3,16
2020-01-20,4,8
2020-01-20,5,12
2020-01-20,6,31
2020-01-20,7,71
2020-01-20,8,115
2020-01-20,9,145
2020-01-20,10,127
2020-01-20,11,119
2020-01-20,12,123
2020-01-20,13,114
2020-01-20,14,115
2020-01-20,15,104
2020-01-20,16,96
2020-01-20,17,132
2020-01-20,18,97
2020-01-20,19,84
2020-01-20,20,62
2020-01-20,21,57
2020-01-20,22,52
2020-01-20,23,36
2020-01-21,0,26
2020-01-21,1,16
2020-01-21,2,16
2020-01-21,3,16
2020-01-21,4,0
2020-01-21,5,12
2020-01-21,6,31
2020-01-21,7,62
2020-01-21,8,114
2020-01-21,9,153
2020-01-21,10,123
2020-01-21,11,117
2020-01-21,12,118
2020-01-21,13,118
2020-01-21,14,109
2020-01-21,15,131
2020-01-21,16,92
2020-01-21,17,114
2020-01-21,18,114
2020-01-21,19,92
2020-01-21,20,76
2020-01-21,21,57
2020-01-21,22,52
2020-01-21,23,36
2020-01-22,0,31
2020-01-22,1,16
2020-01-22,2,16
2020-01-22,3,16
2020-01-22,4,4
2020-01-22,5,8
2020-01-22,6,31
2020-01-22,7,66
2020-01-22,8,110
2020-01-22,9,141
2020-01-22,10,119
2020-01-22,11,109
2020-01-22,12,123
2020-01-22,13,111
2020-01-22,14,101
2020-01-22,15,114
2020-01-22,16,116
2020-01-22,17,126
2020-01-22,18,132
2020-01-22,19,96
2020-01-22,20,72
2020-01-22,21,62
2020-01-22,22,52
2020-01-22,23,48
2020-01-23,0,38
2020-01-23,1,16
2020-01-23,2,16
2020-01-23,3,16
2020-01-23,4,8
2020-01-23,5,12
2020-01-23,6,31
2020-01-23,7,67
2020-01-23,8,109
2020-01-23,9,141
2020-01-23,10,132
2020-01-23,11,123
2020-01-23,12,128
2020-01-23,13,128
2020-01-23,14,119
2020-01-23,15,114
2020-01-23,16,103
2020-01-23,17,150
2020-01-23,18,142
2020-01-23,19,105
2020-01-23,20,76
2020-01-23,21,80
2020-01-23,22,72
2020-01-23,23,67
2020-01-24,0,48
2020-01-24,1,31
2020-01-24,2,21
2020-01-24,3,21
2020-01-24,4,16
2020-01-24,5,8
2020-01-24,6,30
2020-01-24,7,63
2020-01-24,8,118
2020-01-24,9,148
2020-01-24,10,137
2020-01-24,11,132
2020-01-24,12,145
2020-01-24,13,155
2020-01-24,14,132
2020-01-24,15,127
2020-01-24,16,119
2020-01-24,17,150
2020-01-24,18,124
2020-01-24,19,123
2020-01-24,20,118
2020-01-24,21,103
2020-01-24,22,109
2020-01-24,23,119
2020-01-25,0,109
2020-01-25,1,75
2020-01-25,2,62
2020-01-25,3,58
2020-01-25,4,30
2020-01-25,5,8
2020-01-25,6,16
2020-01-25,7,31
2020-01-25,8,53
2020-01-25,9,75
2020-01-25,10,76
2020-01-25,11,84
2020-01-25,12,110
2020-01-25,13,119
2020-01-25,14,124
2020-01-25,15,109
2020-01-25,16,105
2020-01-25,17,136
2020-01-25,18,132
2020-01-25,19,142
2020-01-25,20,123
2020-01-25,21,101
2020-01-25,22,105
2020-01-25,23,128
2020-01-26,0,128
2020-01-26,1,93
2020-01-26,2,84
2020-01-26,3,71
2020-01-26,4,31
2020-01-26,5,16
2020-01-26,6,16
2020-01-26,7,21
2020-01-26,8,35
2020-01-26,9,62
2020-01-26,10,84
2020-01-26,11,101
2020-01-26,12,100
2020-01-26,13,123
2020-01-26,14,114
2020-01-26,15,101
2020-01-26,16,92
2020-01-26,17,88
2020-01-26,18,96
2020-01-26,19,100
2020-01-26,20,72
2020-01-26,21,62
2020-01-26,22,52
2020-01-26,23,53
2020-01-27,0,31
2020-01-27,1,16
2020-01-27,2,16
2020-01-27,3,16
2020-01-27,4,4
2020-01-27,5,8
2020-01-27,6,31
2020-01-27,7,58
2020-01-27,8,106
2020-01-27,9,137
2020-01-27,10,114
2020-01-27,11,118
2020-01-27,12,105
2020-01-27,13,114
2020-01-27,14,114
2020-01-27,15,96
2020-01-27,16,92
2020-01-27,17,128
2020-01-27,18,93
2020-01-27,19,84
2020-01-27,20,62
2020-01-27,21,53
2020-01-27,22,52
2020-01-27,23,36
2020-01-28,0,26
2020-01-28,1,16
2020-01-28,2,20
2020-01-28,3,12
2020-01-28,4,0
2020-01-28,5,12
2020-01-28,6,26
2020-01-28,7,57
2020-01-28,8,114
2020-01-28,9,141
2020-01-28,10,128
2020-01-28,11,116
2020-01-28,12,118
2020-01-28,13,119
2020-01-28,14,104
2020-01-28,15,119
2020-01-28,16,97
2020-01-28,17,111
2020-01-28,18,110
2020-01-28,19,92
2020-01-28,20,75
2020-01-28,21,57
2020-01-28,22,52
2020-01-28,23,44
2020-01-29,0,26
2020-01-29,1,16
2020-01-29,2,16
2020-01-29,3,16
2020-01-29,4,4
2020-01-29,5,8
2020-01-29,6,26
2020-01-29,7,66
2020-01-29,8,114
2020-01-29,9,137
2020-01-29,10,115
2020-01-29,11,114
2020-01-29,12,123
2020-01-29,13,116
2020-01-29,14,110
2020-01-29,15,114
2020-01-29,16,109
2020-01-29,17,124
2020-01-29,18,123
2020-01-29,19,100
2020-01-29,20,71
2020-01-29,21,67
2020-01-29,22,57
2020-01-29,23,48
2020-01-30,0,36
2020-01-30,1,16
2020-01-30,2,20
2020-01-30,3,16
2020-01-30,4,25
2020-01-30,5,12
2020-01-30,6,31
2020-01-30,7,67
2020-01-30,8,110
2020-01-30,9,155
2020-01-30,10,134
2020-01-30,11,141
2020-01-30,12,131
2020-01-30,13,132
2020-01-30,14,124
2020-01-30,15,114
2020-01-30,16,115
2020-01-30,17,150
2020-01-30,18,141
2020-01-30,19,123
2020-01-30,20,80
2020-01-30,21,80
2020-01-30,22,76
2020-01-30,23,67
2020-01-31,0,57
2020-01-31,1,31
2020-01-31,2,16
2020-01-31,3,26
2020-01-31,4,16
2020-01-31,5,12
2020-01-31,6,30
2020-01-31,7,67
2020-01-31,8,118
2020-01-31,9,155
2020-01-31,10,137
2020-01-31,11,131
2020-01-31,12,175
2020-01-31,13,151
2020-01-31,14,123
2020-01-31,15,132
2020-01-31,16,122
2020-01-31,17,159
2020-01-31,18,128
2020-01-31,19,132
2020-01-31,20,119
2020-01-31,21,110
2020-01-31,22,110
2020-01-31,23,124
2020-02-01,0,115
2020-02-01,1,75
2020-02-01,2,62
2020-02-01,3,62
2020-02-01,4,30
2020-02-01,5,12
2020-02-01,6,16
2020-02-01,7,31
2020-02-01,8,53
2020-02-01,9,75
2020-02-01,10,96
2020-02-01,11,84
2020-02-01,12,101
2020-02-01,13,132
2020-02-01,14,128
2020-02-01,15,119
2020-02-01,16,110
2020-02-01,17,136
2020-02-01,18,127
2020-02-01,19,141
2020-02-01,20,123
2020-02-01,21,105
2020-02-01,22,105
2020-02-01,23,128
2020-02-02,0,123
2020-02-02,1,88
2020-02-02,2,80
2020-02-02,3,71
2020-02-02,4,26
2020-02-02,5,12
2020-02-02,6,16
2020-02-02,7,28
2020-02-02,8,35
2020-02-02,9,53
2020-02-02,10,80
2020-02-02,11,96
2020-02-02,12,96
2020-02-02,13,123
2020-02-02,14,115
2020-02-02,15,100
2020-02-02,16,96
2020-02-02,17,88
2020-02-02,18,94
2020-02-02,19,100
2020-02-02,20,76
2020-02-02,21,62
2020-02-02,22,52
2020-02-02,23,48
2020-02-03,0,31
2020-02-03,1,16
2020-02-03,2,16
2020-02-03,3,16
2020-02-03,4,12
2020-02-03,5,12
2020-02-03,6,35
2020-02-03,7,58
2020-02-03,8,97
2020-02-03,9,140
2020-02-03,10,127
2020-02-03,11,142
2020-02-03,12,120
2020-02-03,13,114
2020-02-03,14,114
2020-02-03,15,101
2020-02-03,16,92
2020-02-03,17,132
2020-02-03,18,93
2020-02-03,19,84
2020-02-03,20,57
2020-02-03,21,53
2020-02-03,22,52
2020-02-03,23,36
2020-02-04,0,16
2020-02-04,1,16
2020-02-04,2,16
2020-02-04,3,16
2020-02-04,4,0
2020-02-04,5,12
2020-02-04,6,31
2020-02-04,7,57
2020-02-04,8,98
2020-02-04,9,146
2020-02-04,10,123
2020-02-04,11,124
2020-02-04,12,119
2020-02-04,13,109
2020-02-04,14,104
2020-02-04,15,119
2020-02-04,16,92
2020-02-04,17,127
2020-02-04,18,118
2020-02-04,19,101
2020-02-04,20,76
2020-02-04,21,57
2020-02-04,22,57
2020-02-04,23,44
2020-02-05,0,36
2020-02-05,1,16
2020-02-05,2,16
2020-02-05,3,16
2020-02-05,4,4
2020-02-05,5,8
2020-02-05,6,31
2020-02-05,7,62
2020-02-05,8,114
2020-02-05,9,142
2020-02-05,10,119
2020-02-05,11,119
2020-02-05,12,123
2020-02-05,13,123
2020-02-05,14,106
2020-02-05,15,123
2020-02-05,16,119
2020-02-05,17,124
2020-02-05,18,137
2020-02-05,19,100
2020-02-05,20,76
2020-02-05,21,67
2020-02-05,22,52
2020-02-05,23,52
2020-02-06,0,36
2020-02-06,1,16
2020-02-06,2,16
2020-02-06,3,16
2020-02-06,4,8
2020-02-06,5,12
2020-02-06,6,36
2020-02-06,7,71
2020-02-06,8,114
2020-02-06,9,162
2020-02-06,10,97
2020-02-06,11,136
2020-02-06,12,141
2020-02-06,13,132
2020-02-06,14,124
2020-02-06,15,114
2020-02-06,16,115
2020-02-06,17,142
2020-02-06,18,137
2020-02-06,19,110
2020-02-06,20,76
2020-02-06,21,76
2020-02-06,22,80
2020-02-06,23,71
2020-02-07,0,53
2020-02-07,1,31
2020-02-07,2,16
2020-02-07,3,21
2020-02-07,4,16
2020-02-07,5,8
2020-02-07,6,30
2020-02-07,7,58
2020-02-07,8,114
2020-02-07,9,147
2020-02-07,10,123
2020-02-07,11,118
2020-02-07,12,141
2020-02-07,13,133
2020-02-07,14,126
2020-02-07,15,119
2020-02-07,16,119
2020-02-07,17,141
2020-02-07,18,118
2020-02-07,19,118
2020-02-07,20,109
2020-02-07,21,92
2020-02-07,22,114
2020-02-07,23,124
2020-02-08,0,109
2020-02-08,1,74
2020-02-08,2,57
2020-02-08,3,62
2020-02-08,4,30
2020-02-08,5,8
2020-02-08,6,16
2020-02-08,7,31
2020-02-08,8,48
2020-02-08,9,71
2020-02-08,10,71
2020-02-08,11,84
2020-02-08,12,96
2020-02-08,13,114
2020-02-08,14,120
2020-02-08,15,105
2020-02-08,16,105
2020-02-08,17,123
2020-02-08,18,114
2020-02-08,19,137
2020-02-08,20,119
2020-02-08,21,101
2020-02-08,22,105
2020-02-08,23,128
2020-02-09,0,118
2020-02-09,1,79
2020-02-09,2,80
2020-02-09,3,62
2020-02-09,4,26
2020-02-09,5,12
2020-02-09,6,16
2020-02-09,7,21
2020-02-09,8,35
2020-02-09,9,53
2020-02-09,10,88
2020-02-09,11,96
2020-02-09,12,100
2020-02-09,13,118
2020-02-09,14,110
2020-02-09,15,96
2020-02-09,16,92
2020-02-09,17,84
2020-02-09,18,96
2020-02-09,19,92
2020-02-09,20,76
2020-02-09,21,57
2020-02-09,22,57
2020-02-09,23,48
2020-02-10,0,26
2020-02-10,1,16
2020-02-10,2,16
2020-02-10,3,16
2020-02-10,4,8
2020-02-10,5,12
2020-02-10,6,22
2020-02-10,7,67
2020-02-10,8,115
2020-02-10,9,137
2020-02-10,10,126
2020-02-10,11,119
2020-02-10,12,123
2020-02-10,13,114
2020-02-10,14,114
2020-02-10,15,109
2020-02-10,16,96
2020-02-10,17,123
2020-02-10,18,92
2020-02-10,19,84
2020-02-10,20,62
2020-02-10,21,57
2020-02-10,22,48
2020-02-10,23,44
2020-02-11,0,21
2020-02-11,1,12
2020-02-11,2,12
2020-02-11,3,8
2020-02-11,4,4
2020-02-11,5,12
2020-02-11,6,31
2020-02-11,7,61
2020-02-11,8,114
2020-02-11,9,145
2020-02-11,10,123
2020-02-11,11,109
2020-02-11,12,118
2020-02-11,13,119
2020-02-11,14,101
2020-02-11,15,109
2020-02-11,16,97
2020-02-11,17,114
2020-02-11,18,110
2020-02-11,19,96
2020-02-11,20,72
2020-02-11,21,52
2020-02-11,22,52
2020-02-11,23,44
2020-02-12,0,35
2020-02-12,1,16
2020-02-12,2,16
2020-02-12,3,16
2020-02-12,4,0
2020-02-12,5,8
2020-02-12,6,26
2020-02-12,7,66
2020-02-12,8,114
2020-02-12,9,141
2020-02-12,10,122
2020-02-12,11,111
2020-02-12,12,127
2020-02-12,13,119
2020-02-12,14,88
2020-02-12,15,114
2020-02-12,16,111
2020-02-12,17,124
2020-02-12,18,127
2020-02-12,19,105
2020-02-12,20,76
2020-02-12,21,67
2020-02-12,22,52
2020-02-12,23,48
2020-02-13,0,40
2020-02-13,1,16
2020-02-13,2,16
2020-02-13,3,16
2020-02-13,4,12
2020-02-13,5,12
2020-02-13,6,31
2020-02-13,7,58
2020-02-13,8,102
2020-02-13,9,150
2020-02-13,10,127
2020-02-13,11,128
2020-02-13,12,131
2020-02-13,13,128
2020-02-13,14,119
2020-02-13,15,114
2020-02-13,16,109
2020-02-13,17,142
2020-02-13,18,137
2020-02-13,19,110
2020-02-13,20,76
2020-02-13,21,75
2020-02-13,22,80
2020-02-13,23,63
2020-02-14,0,52
2020-02-14,1,31
2020-02-14,2,21
2020-02-14,3,21
2020-02-14,4,16
2020-02-14,5,12
2020-02-14,6,26
2020-02-14,7,58
2020-02-14,8,101
2020-02-14,9,141
2020-02-14,10,132
2020-02-14,11,123
2020-02-14,12,139
2020-02-14,13,151
2020-02-14,14,127
2020-02-14,15,128
2020-02-14,16,123
2020-02-14,17,151
2020-02-14,18,119
2020-02-14,19,132
2020-02-14,20,114
2020-02-14,21,88
2020-02-14,22,109
2020-02-14,23,119
2020-02-15,0,110
2020-02-15,1,75
2020-02-15,2,52
2020-02-15,3,57
2020-02-15,4,30
2020-02-15,5,12
2020-02-15,6,16
2020-02-15,7,31
2020-02-15,8,48
2020-02-15,9,71
2020-02-15,10,80
2020-02-15,11,84
2020-02-15,12,100
2020-02-15,13,124
2020-02-15,14,124
2020-02-15,15,109
2020-02-15,16,100
2020-02-15,17,136
2020-02-15,18,132
2020-02-15,19,137
2020-02-15,20,123
2020-02-15,21,101
2020-02-15,22,109
2020-02-15,23,128
2020-02-16,0,119
2020-02-16,1,84
2020-02-16,2,80
2020-02-16,3,66
2020-02-16,4,26
2020-02-16,5,12
2020-02-16,6,16
2020-02-16,7,21
2020-02-16,8,44
2020-02-16,9,57
2020-02-16,10,86
2020-02-16,11,101
2020-02-16,12,104
2020-02-16,13,123
2020-02-16,14,105
2020-02-16,15,100
2020-02-16,16,92
2020-02-16,17,88
2020-02-16,18,105
2020-02-16,19,92
2020-02-16,20,69
2020-02-16,21,57
2020-02-16,22,57
2020-02-16,23,48
2020-02-17,0,26
2020-02-17,1,16
2020-02-17,2,16
2020-02-17,3,16
2020-02-17,4,4
2020-02-17,5,12
2020-02-17,6,35
2020-02-17,7,63
2020-02-17,8,115
2020-02-17,9,141
2020-02-17,10,123
2020-02-17,11,119
2020-02-17,12,113
2020-02-17,13,114
2020-02-17,14,114
2020-02-17,15,104
2020-02-17,16,92
2020-02-17,17,127
2020-02-17,18,93
2020-02-17,19,84
2020-02-17,20,62
2020-02-17,21,57
2020-02-17,22,52
2020-02-17,23,36
2020-02-18,0,16
2020-02-18,1,16
2020-02-18,2,16
2020-02-18,3,16
2020-02-18,4,0
2020-02-18,5,12
2020-02-18,6,31
2020-02-18,7,57
2020-02-18,8,110
2020-02-18,9,141
2020-02-18,10,128
2020-02-18,11,128
2020-02-18,12,118
2020-02-18,13,123
2020-02-18,14,110
2020-02-18,15,118
2020-02-18,16,105
2020-02-18,17,127
2020-02-18,18,114
2020-02-18,19,104
2020-02-18,20,76
2020-02-18,21,62
2020-02-18,22,52
2020-02-18,23,44
2020-02-19,0,31
2020-02-19,1,16
2020-02-19,2,16
2020-02-19,3,16
2020-02-19,4,4
2020-02-19,5,8
2020-02-19,6,26
2020-02-19,7,62
2020-02-19,8,110
2020-02-19,9,145
2020-02-19,10,88
2020-02-19,11,115
2020-02-19,12,120
2020-02-19,13,128
2020-02-19,14,112
2020-02-19,15,114
2020-02-19,16,111
2020-02-19,17,128
2020-02-19,18,118
2020-02-19,19,106
2020-02-19,20,76
2020-02-19,21,67
2020-02-19,22,52
2020-02-19,23,52
2020-02-20,0,40
2020-02-20,1,16
2020-02-20,2,21
2020-02-20,3,16
2020-02-20,4,16
2020-02-20,5,12
2020-02-20,6,36
2020-02-20,7,58
2020-02-20,8,110
2020-02-20,9,159
2020-02-20,10,136
2020-02-20,11,141
2020-02-20,12,135
2020-02-20,13,136
2020-02-20,14,114
2020-02-20,15,120
2020-02-20,16,103
2020-02-20,17,146
2020-02-20,18,132
2020-02-20,19,105
2020-02-20,20,88
2020-02-20,21,71
2020-02-20,22,75
2020-02-20,23,67
2020-02-21,0,48
2020-02-21,1,21
2020-02-21,2,21
2020-02-21,3,21
2020-02-21,4,16
2020-02-21,5,8
2020-02-21,6,35
2020-02-21,7,63
2020-02-21,8,110
2020-02-21,9,141
2020-02-21,10,149
2020-02-21,11,133
2020-02-21,12,145
2020-02-21,13,141
2020-02-21,14,128
2020-02-21,15,132
2020-02-21,16,109
2020-02-21,17,137
2020-02-21,18,114
2020-02-21,19,118
2020-02-21,20,101
2020-02-21,21,88
2020-02-21,22,100
2020-02-21,23,110
2020-02-22,0,88
2020-02-22,1,62
2020-02-22,2,62
2020-02-22,3,48
2020-02-22,4,21
2020-02-22,5,4
2020-02-22,6,16
2020-02-22,7,31
2020-02-22,8,53
2020-02-22,9,71
2020-02-22,10,80
2020-02-22,11,90
2020-02-22,12,104
2020-02-22,13,123
2020-02-22,14,124
2020-02-22,15,110
2020-02-22,16,100
2020-02-22,17,136
2020-02-22,18,127
2020-02-22,19,132
2020-02-22,20,119
2020-02-22,21,109
2020-02-22,22,119
2020-02-22,23,128
2020-02-23,0,123
2020-02-23,1,88
2020-02-23,2,80
2020-02-23,3,66
2020-02-23,4,26
2020-02-23,5,12
2020-02-23,6,12
2020-02-23,7,21
2020-02-23,8,35
2020-02-23,9,53
2020-02-23,10,80
2020-02-23,11,92
2020-02-23,12,100
2020-02-23,13,119
2020-02-23,14,118
2020-02-23,15,100
2020-02-23,16,100
2020-02-23,17,88
2020-02-23,18,99
2020-02-23,19,92
2020-02-23,20,72
2020-02-23,21,62
2020-02-23,22,52
2020-02-23,23,48
2020-02-24,0,30
2020-02-24,1,16
2020-02-24,2,16
2020-02-24,3,12
2020-02-24,4,4
2020-02-24,5,8
2020-02-24,6,28
2020-02-24,7,58
2020-02-24,8,115
2020-02-24,9,128
2020-02-24,10,114
2020-02-24,11,109
2020-02-24,12,109
2020-02-24,13,109
2020-02-24,14,109
2020-02-24,15,96
2020-02-24,16,92
2020-02-24,17,127
2020-02-24,18,93
2020-02-24,19,84
2020-02-24,20,62
2020-02-24,21,48
2020-02-24,22,52
2020-02-24,23,36
2020-02-25,0,21
2020-02-25,1,16
2020-02-25,2,16
2020-02-25,3,12
2020-02-25,4,0
2020-02-25,5,12
2020-02-25,6,31
2020-02-25,7,57
2020-02-25,8,110
2020-02-25,9,106
2020-02-25,10,131
2020-02-25,11,119
2020-02-25,12,119
2020-02-25,13,123
2020-02-25,14,114
2020-02-25,15,114
2020-02-25,16,105
2020-02-25,17,118
2020-02-25,18,118
2020-02-25,19,101
2020-02-25,20,80
2020-02-25,21,57
2020-02-25,22,52
2020-02-25,23,44
2020-02-26,0,31
2020-02-26,1,16
2020-02-26,2,16
2020-02-26,3,16
2020-02-26,4,4
2020-02-26,5,8
2020-02-26,6,31
2020-02-26,7,62
2020-02-26,8,110
2020-02-26,9,132
2020-02-26,10,119
2020-02-26,11,114
2020-02-26,12,119
2020-02-26,13,116
2020-02-26,14,100
2020-02-26,15,118
2020-02-26,16,114
2020-02-26,17,124
2020-02-26,18,127
2020-02-26,19,107
2020-02-26,20,72
2020-02-26,21,67
2020-02-26,22,57
2020-02-26,23,48
2020-02-27,0,40
2020-02-27,1,16
2020-02-27,2,16
2020-02-27,3,21
2020-02-27,4,8
2020-02-27,5,12
2020-02-27,6,31
2020-02-27,7,67
2020-02-27,8,110
2020-02-27,9,155
2020-02-27,10,123
2020-02-27,11,123
2020-02-27,12,132
2020-02-27,13,131
2020-02-27,14,124
2020-02-27,15,119
2020-02-27,16,115
2020-02-27,17,158
2020-02-27,18,143
2020-02-27,19,110
2020-02-27,20,80
2020-02-27,21,76
2020-02-27,22,80
2020-02-27,23,71
2020-02-28,0,57
2020-02-28,1,36
2020-02-28,2,16
2020-02-28,3,24
2020-02-28,4,16
2020-02-28,5,8
2020-02-28,6,30
2020-02-28,7,58
2020-02-28,8,106
2020-02-28,9,150
2020-02-28,10,141
2020-02-28,11,132
2020-02-28,12,145
2020-02-28,13,159
2020-02-28,14,132
2020-02-28,15,123
2020-02-28,16,118
2020-02-28,17,136
2020-02-28,18,115
2020-02-28,19,127
2020-02-28,20,101
2020-02-28,21,92
2020-02-28,22,110
2020-02-28,23,137
2020-02-29,0,110
2020-02-29,1,75
2020-02-29,2,57
2020-02-29,3,62
2020-02-29,4,30
2020-02-29,5,12
2020-02-29,6,16
2020-02-29,7,31
2020-02-29,8,48
2020-02-29,9,62
2020-02-29,10,76
2020-02-29,11,84
2020-02-29,12,100
2020-02-29,13,120
2020-02-29,14,124
2020-02-29,15,114
2020-02-29,16,105
2020-02-29,17,140
2020-02-29,18,133
2020-02-29,19,143
2020-02-29,20,123
2020-02-29,21,101
2020-02-29,22,114
2020-02-29,23,132
2020-03-01,0,132
2020-03-01,1,93
2020-03-01,2,80
2020-03-01,3,71
2020-03-01,4,31
2020-03-01,5,12
2020-03-01,6,16
2020-03-01,7,21
2020-03-01,8,44
2020-03-01,9,57
2020-03-01,10,84
2020-03-01,11,101
2020-03-01,12,100
2020-03-01,13,123
2020-03-01,14,115
2020-03-01,15,100
2020-03-01,16,96
2020-03-01,17,88
2020-03-01,18,101
2020-03-01,19,97
2020-03-01,20,76
2020-03-01,21,62
2020-03-01,22,52
2020-03-01,23,48
2020-03-02,0,31
2020-03-02,1,16
2020-03-02,2,16
2020-03-02,3,16
2020-03-02,4,8
2020-03-02,5,12
2020-03-02,6,35
2020-03-02,7,71
2020-03-02,8,111
2020-03-02,9,145
2020-03-02,10,118
2020-03-02,11,119
2020-03-02,12,123
2020-03-02,13,114
2020-03-02,14,114
2020-03-02,15,104
2020-03-02,16,92
2020-03-02,17,137
2020-03-02,18,93
2020-03-02,19,84
2020-03-02,20,62
2020-03-02,21,53
2020-03-02,22,52
2020-03-02,23,40
2020-03-03,0,31
2020-03-03,1,16
2020-03-03,2,16
2020-03-03,3,16
2020-03-03,4,4
2020-03-03,5,16
2020-03-03,6,31
2020-03-03,7,67
2020-03-03,8,106
2020-03-03,9,150
2020-03-03,10,132
2020-03-03,11,128
2020-03-03,12,133
2020-03-03,13,123
2020-03-03,14,109
2020-03-03,15,119
2020-03-03,16,101
2020-03-03,17,119
2020-03-03,18,119
2020-03-03,19,101
2020-03-03,20,76
2020-03-03,21,57
2020-03-03,22,52
2020-03-03,23,44
2020-03-04,0,31
2020-03-04,1,16
2020-03-04,2,21
2020-03-04,3,16
2020-03-04,4,8
2020-03-04,5,8
2020-03-04,6,30
2020-03-04,7,71
2020-03-04,8,114
2020-03-04,9,150
2020-03-04,10,127
2020-03-04,11,119
2020-03-04,12,126
2020-03-04,13,124
2020-03-04,14,120
2020-03-04,15,114
2020-03-04,16,114
2020-03-04,17,127
2020-03-04,18,127
2020-03-04,19,100
2020-03-04,20,67
2020-03-04,21,67
2020-03-04,22,52
2020-03-04,23,48
2020-03-05,0,36
2020-03-05,1,16
2020-03-05,2,16
2020-03-05,3,16
2020-03-05,4,8
2020-03-05,5,12
2020-03-05,6,31
2020-03-05,7,62
2020-03-05,8,106
2020-03-05,9,147
2020-03-05,10,133
2020-03-05,11,118
2020-03-05,12,136
2020-03-05,13,132
2020-03-05,14,124
2020-03-05,15,114
2020-03-05,16,115
2020-03-05,17,150
2020-03-05,18,130
2020-03-05,19,110
2020-03-05,20,80
2020-03-05,21,71
2020-03-05,22,76
2020-03-05,23,67
2020-03-06,0,57
2020-03-06,1,36
2020-03-06,2,16
2020-03-06,3,21
2020-03-06,4,16
2020-03-06,5,12
2020-03-06,6,30
2020-03-06,7,67
2020-03-06,8,114
2020-03-06,9,159
2020-03-06,10,137
2020-03-06,11,137
2020-03-06,12,147
2020-03-06,13,155
2020-03-06,14,128
2020-03-06,15,123
2020-03-06,16,127
2020-03-06,17,147
2020-03-06,18,136
2020-03-06,19,133
2020-03-06,20,114
2020-03-06,21,110
2020-03-06,22,114
2020-03-06,23,124
2020-03-07,0,114
2020-03-07,1,79
2020-03-07,2,57
2020-03-07,3,62
2020-03-07,4,30
2020-03-07,5,12
2020-03-07,6,16
2020-03-07,7,30
2020-03-07,8,53
2020-03-07,9,75
2020-03-07,10,80
2020-03-07,11,88
2020-03-07,12,104
2020-03-07,13,123
2020-03-07,14,119
2020-03-07,15,118
2020-03-07,16,103
2020-03-07,17,141
2020-03-07,18,133
2020-03-07,19,141
2020-03-07,20,123
2020-03-07,21,101
2020-03-07,22,110
2020-03-07,23,128
2020-03-08,0,132
2020-03-08,1,93
2020-03-08,2,80
2020-03-08,3,71
2020-03-08,4,35
2020-03-08,5,12
2020-03-08,6,16
2020-03-08,7,21
2020-03-08,8,39
2020-03-08,9,53
2020-03-08,10,84
2020-03-08,11,101
2020-03-08,12,109
2020-03-08,13,123
2020-03-08,14,115
2020-03-08,15,100
2020-03-08,16,92
2020-03-08,17,88
2020-03-08,18,101
2020-03-08,19,92
2020-03-08,20,76
2020-03-08,21,60
2020-03-08,22,57
2020-03-08,23,48
2020-03-09,0,31
2020-03-09,1,16
2020-03-09,2,16
2020-03-09,3,16
2020-03-09,4,8
2020-03-09,5,12
2020-03-09,6,31
2020-03-09,7,67
2020-03-09,8,119
2020-03-09,9,145
2020-03-09,10,127
2020-03-09,11,115
2020-03-09,12,119
2020-03-09,13,118
2020-03-09,14,114
2020-03-09,15,66
2020-03-09,16,92
2020-03-09,17,127
2020-03-09,18,101
2020-03-09,19,88
2020-03-09,20,62
2020-03-09,21,62
2020-03-09,22,52
2020-03-09,23,53
2020-03-10,0,31
2020-03-10,1,16
2020-03-10,2,16
2020-03-10,3,16
2020-03-10,4,4
2020-03-10,5,12
2020-03-10,6,31
2020-03-10,7,71
2020-03-10,8,118
2020-03-10,9,158
2020-03-10,10,132
2020-03-10,11,128
2020-03-10,12,126
2020-03-10,13,123
2020-03-10,14,110
2020-03-10,15,119
2020-03-10,16,105
2020-03-10,17,127
2020-03-10,18,118
2020-03-10,19,100
2020-03-10,20,80
2020-03-10,21,57
2020-03-10,22,52
2020-03-10,23,44
2020-03-11,0,31
2020-03-11,1,16
2020-03-11,2,16
2020-03-11,3,16
2020-03-11,4,4
2020-03-11,5,8
2020-03-11,6,31
2020-03-11,7,71
2020-03-11,8,122
2020-03-11,9,144
2020-03-11,10,119
2020-03-11,11,124
2020-03-11,12,130
2020-03-11,13,119
2020-03-11,14,105
2020-03-11,15,123
2020-03-11,16,119
2020-03-11,17,128
2020-03-11,18,127
2020-03-11,19,100
2020-03-11,20,67
2020-03-11,21,67
2020-03-11,22,52
2020-03-11,23,48
2020-03-12,0,36
2020-03-12,1,16
2020-03-12,2,16
2020-03-12,3,16
2020-03-12,8,132
2020-03-12,9,155
2020-03-12,10,133
2020-03-12,11,132
2020-03-12,12,136
2020-03-12,13,132
2020-03-12,14,124
2020-03-12,15,111
2020-03-12,16,115
2020-03-12,17,138
2020-03-12,18,141
2020-03-12,19,110
2020-03-12,20,76
2020-03-12,21,76
2020-03-12,22,76
2020-03-12,23,67
2020-03-13,0,53
2020-03-13,1,31
2020-03-13,2,21
2020-03-13,3,21
2020-03-13,4,16
2020-03-13,5,8
2020-03-13,6,30
2020-03-13,7,67
2020-03-13,8,118
2020-03-13,9,111
2020-03-13,10,138
2020-03-13,11,128
2020-03-13,12,143
2020-03-13,13,154
2020-03-13,14,133
2020-03-13,15,123
2020-03-13,16,124
2020-03-13,17,150
2020-03-13,18,133
2020-03-13,19,127
2020-03-13,20,114
2020-03-13,21,97
2020-03-13,22,114
2020-03-13,23,124
2020-03-14,0,119
2020-03-14,1,75
2020-03-14,2,57
2020-03-14,3,53
2020-03-14,4,30
2020-03-14,5,12
2020-03-14,6,16
2020-03-14,7,31
2020-03-14,8,53
2020-03-14,9,71
2020-03-14,10,80
2020-03-14,11,84
2020-03-14,12,100
2020-03-14,13,127
2020-03-14,14,124
2020-03-14,15,109
2020-03-14,16,105
2020-03-14,17,136
2020-03-14,18,128
2020-03-14,19,142
2020-03-14,20,119
2020-03-14,21,101
2020-03-14,22,105
2020-03-14,23,137
2020-03-15,0,123
2020-03-15,1,88
2020-03-15,2,80
2020-03-15,3,66
2020-03-15,4,26
2020-03-15,5,12
2020-03-15,6,16
2020-03-15,7,21
2020-03-15,8,44
2020-03-15,9,53
2020-03-15,10,84
2020-03-15,11,96
2020-03-15,12,104
2020-03-15,13,123
2020-03-15,14,115
2020-03-15,15,100
2020-03-15,16,100
2020-03-15,17,88
2020-03-15,18,92
2020-03-15,19,92
2020-03-15,20,72
2020-03-15,21,57
2020-03-15,22,62
2020-03-15,23,48
2020-03-16,0,31
2020-03-16,1,16
2020-03-16,2,16
2020-03-16,3,16
2020-03-16,4,8
2020-03-16,5,12
2020-03-16,6,35
2020-03-16,7,62
2020-03-16,8,111
2020-03-16,9,136
2020-03-16,10,128
2020-03-16,11,119
2020-03-16,12,123
2020-03-16,13,114
2020-03-16,14,114
2020-03-16,15,104
2020-03-16,16,92
2020-03-16,17,123
2020-03-16,18,92
2020-03-16,19,84
2020-03-16,20,62
2020-03-16,21,53
2020-03-16,22,52
2020-03-16,23,36
2020-03-17,0,26
2020-03-17,1,16
2020-03-17,2,16
2020-03-17,3,16
2020-03-17,4,4
2020-03-17,5,12
2020-03-17,6,31
2020-03-17,7,67
2020-03-17,8,118
2020-03-17,9,145
2020-03-17,10,132
2020-03-17,11,124
2020-03-17,12,119
2020-03-17,13,119
2020-03-17,14,109
2020-03-17,15,119
2020-03-17,16,108
2020-03-17,17,118
2020-03-17,18,138
2020-03-17,19,96
2020-03-17,20,76
2020-03-17,21,57
2020-03-17,22,52
2020-03-17,23,44
2020-03-18,0,31
2020-03-18,1,16
2020-03-18,2,16
2020-03-18,3,16
2020-03-18,4,4
2020-03-18,5,8
2020-03-18,6,31
2020-03-18,7,66
2020-03-18,8,114
2020-03-18,9,155
2020-03-18,10,123
2020-03-18,11,109
2020-03-18,12,132
2020-03-18,13,120
2020-03-18,14,79
2020-03-18,15,113
2020-03-18,16,101
2020-03-18,17,124
2020-03-18,18,118
2020-03-18,19,100
2020-03-18,20,67
2020-03-18,21,67
2020-03-18,22,62
2020-03-18,23,48
2020-03-19,0,36
2020-03-19,1,16
2020-03-19,2,16
2020-03-19,3,16
2020-03-19,4,8
2020-03-19,5,12
2020-03-19,6,31
2020-03-19,7,67
2020-03-19,8,106
2020-03-19,9,145
2020-03-19,10,121
2020-03-19,11,128
2020-03-19,12,136
2020-03-19,13,127
2020-03-19,14,124
2020-03-19,15,118
2020-03-19,16,109
2020-03-19,17,136
2020-03-19,18,123
2020-03-19,19,96
2020-03-19,20,76
2020-03-19,21,71
2020-03-19,22,75
2020-03-19,23,63
2020-03-20,0,57
2020-03-20,1,26
2020-03-20,2,16
2020-03-20,3,21
2020-03-20,4,16
2020-03-20,5,4
2020-03-20,6,26
2020-03-20,7,63
2020-03-20,8,110
2020-03-20,9,151
2020-03-20,10,131
2020-03-20,11,126
2020-03-20,12,136
2020-03-20,13,141
2020-03-20,14,124
2020-03-20,15,119
2020-03-20,16,115
2020-03-20,17,141
2020-03-20,18,114
2020-03-20,19,101
2020-03-20,20,110
2020-03-20,21,88
2020-03-20,22,100
2020-03-20,23,114
2020-03-21,0,80
2020-03-21,1,67
2020-03-21,2,57
2020-03-21,3,48
2020-03-21,4,21
2020-03-21,5,4
2020-03-21,6,16
2020-03-21,7,31
2020-03-21,8,53
2020-03-21,9,75
2020-03-21,10,76
2020-03-21,11,80
2020-03-21,12,100
2020-03-21,13,114
2020-03-21,14,119
2020-03-21,15,109
2020-03-21,16,88
2020-03-21,17,119
2020-03-21,18,123
2020-03-21,19,120
2020-03-21,20,118
2020-03-21,21,102
2020-03-21,22,100
2020-03-21,23,114
2020-03-22,0,96
2020-03-22,1,71
2020-03-22,2,72
2020-03-22,3,53
2020-03-22,4,21
2020-03-22,5,8
2020-03-22,6,21
2020-03-22,7,25
2020-03-22,8,39
2020-03-22,9,57
2020-03-22,10,84
2020-03-22,11,105
2020-03-22,12,96
2020-03-22,13,114
2020-03-22,14,114
2020-03-22,15,100
2020-03-22,16,93
2020-03-22,17,76
2020-03-22,18,88
2020-03-22,19,88
2020-03-22,20,62
2020-03-22,21,53
2020-03-22,22,52
2020-03-22,23,44
2020-03-23,0,26
2020-03-23,1,16
2020-03-23,2,16
2020-03-23,3,12
2020-03-23,4,0
2020-03-23,5,8
2020-03-23,6,31
2020-03-23,7,58
2020-03-23,8,127
2020-03-23,9,141
2020-03-23,10,123
2020-03-23,11,109
2020-03-23,12,118
2020-03-23,13,114
2020-03-23,14,114
2020-03-23,15,105
2020-03-23,16,92
2020-03-23,17,118
2020-03-23,18,84
2020-03-23,19,79
2020-03-23,20,57
2020-03-23,21,57
2020-03-23,22,52
2020-03-23,23,40
2020-03-24,0,16
2020-03-24,1,12
2020-03-24,2,8
2020-03-24,3,12
2020-03-24,4,0
2020-03-24,5,12
2020-03-24,6,26
2020-03-24,7,62
2020-03-24,8,118
2020-03-24,9,146
2020-03-24,10,127
2020-03-24,11,115
2020-03-24,12,109
2020-03-24,13,114
2020-03-24,14,100
2020-03-24,15,110
2020-03-24,16,88
2020-03-24,17,119
2020-03-24,18,114
2020-03-24,19,92
2020-03-24,20,76
2020-03-24,21,57
2020-03-24,22,49
2020-03-24,23,44
2020-03-25,0,31
2020-03-25,1,16
2020-03-25,2,16
2020-03-25,3,16
2020-03-25,4,4
2020-03-25,5,4
2020-03-25,6,26
2020-03-25,7,66
2020-03-25,8,101
2020-03-25,9,132
2020-03-25,10,114
2020-03-25,11,104
2020-03-25,12,114
2020-03-25,13,114
2020-03-25,14,100
2020-03-25,15,105
2020-03-25,16,104
2020-03-25,17,109
2020-03-25,18,118
2020-03-25,19,96
2020-03-25,20,71
2020-03-25,21,67
2020-03-25,22,57
2020-03-25,23,48
2020-03-26,0,36
2020-03-26,1,16
2020-03-26,2,16
2020-03-26,3,16
2020-03-26,4,8
2020-03-26,5,8
2020-03-26,6,26
2020-03-26,7,67
2020-03-26,8,106
2020-03-26,9,151
2020-03-26,10,127
2020-03-26,11,130
2020-03-26,12,132
2020-03-26,13,128
2020-03-26,14,124
2020-03-26,15,105
2020-03-26,16,110
2020-03-26,17,142
2020-03-26,18,123
2020-03-26,19,110
2020-03-26,20,76
2020-03-26,21,71
2020-03-26,22,72
2020-03-26,23,63
2020-03-27,0,48
2020-03-27,1,26
2020-03-27,2,16
2020-03-27,3,16
2020-03-27,4,16
2020-03-27,5,12
2020-03-27,6,21
2020-03-27,7,58
2020-03-27,8,106
2020-03-27,9,137
2020-03-27,10,132
2020-03-27,11,109
2020-03-27,12,119
2020-03-27,13,132
2020-03-27,14,113
2020-03-27,15,114
2020-03-27,16,119
2020-03-27,17,137
2020-03-27,18,118
2020-03-27,19,122
2020-03-27,20,109
2020-03-27,21,101
2020-03-27,22,114
2020-03-27,23,119
2020-03-28,0,92
2020-03-28,1,62
2020-03-28,2,52
2020-03-28,3,48
2020-03-28,4,26
2020-03-28,5,16
2020-03-28,6,16
2020-03-28,7,31
2020-03-28,8,58
2020-03-28,9,83
2020-03-28,10,88
2020-03-28,11,100
2020-03-28,12,119
2020-03-28,13,141
2020-03-28,14,136
2020-03-28,15,128
2020-03-28,16,119
2020-03-28,17,150
2020-03-28,18,146
2020-03-28,19,159
2020-03-28,20,136
2020-03-28,21,118
2020-03-28,22,127
2020-03-28,23,141
2020-03-29,0,128
2020-03-29,1,97
2020-03-29,2,75
2020-03-29,3,40
2020-03-29,4,12
2020-03-29,5,16
2020-03-29,6,21
2020-03-29,7,35
2020-03-29,8,61
2020-03-29,9,92
2020-03-29,10,105
2020-03-29,11,100
2020-03-29,12,123
2020-03-29,13,115
2020-03-29,14,100
2020-03-29,15,101
2020-03-29,16,88
2020-03-29,17,96
2020-03-29,18,92
2020-03-29,19,76
2020-03-29,20,62
2020-03-29,21,52
2020-03-29,22,48
2020-03-29,23,26
2020-03-30,0,16
2020-03-30,1,16
2020-03-30,2,12
2020-03-30,3,8
2020-03-30,4,12
2020-03-30,5,31
2020-03-30,6,58
2020-03-30,7,106
2020-03-30,8,124
2020-03-30,9,105
2020-03-30,10,114
2020-03-30,11,105
2020-03-30,12,109
2020-03-30,13,114
2020-03-30,14,96
2020-03-30,15,92
2020-03-30,16,128
2020-03-30,17,92
2020-03-30,18,84
2020-03-30,19,62
2020-03-30,20,57
2020-03-30,21,52
2020-03-30,22,40
2020-03-30,23,26
2020-03-31,0,16
2020-03-31,1,16
2020-03-31,2,12
2020-03-31,3,0
2020-03-31,4,12
2020-03-31,5,21
2020-03-31,6,62
2020-03-31,7,114
2020-03-31,8,141
2020-03-31,9,123
2020-03-31,10,115
2020-03-31,11,123
2020-03-31,12,119
2020-03-31,13,104
2020-03-31,14,110
2020-03-31,15,93
2020-03-31,16,114
2020-03-31,17,128
2020-03-31,18,96
2020-03-31,19,76
2020-03-31,20,57
2020-03-31,21,52
2020-03-31,22,44
2020-03-31,23,31
2020-04-01,0,16
2020-04-01,1,16
2020-04-01,2,16
2020-04-01,3,4
2020-04-01,4,8
2020-04-01,5,26
2020-04-01,6,66
2020-04-01,7,101
2020-04-01,8,97
2020-04-01,9,114
2020-04-01,10,105
2020-04-01,11,79
2020-04-01,12,123
2020-04-01,13,100
2020-04-01,14,110
2020-04-01,15,109
2020-04-01,16,109
2020-04-01,17,114
2020-04-01,18,100
2020-04-01,19,67
2020-04-01,20,67
2020-04-01,21,56
2020-04-01,22,47
2020-04-01,23,36
2020-04-02,0,16
2020-04-02,1,16
2020-04-02,2,16
2020-04-02,3,8
2020-04-02,4,12
2020-04-02,5,21
2020-04-02,6,62
2020-04-02,7,106
2020-04-02,8,141
2020-04-02,9,139
2020-04-02,10,123
2020-04-02,11,127
2020-04-02,12,124
2020-04-02,13,114
2020-04-02,14,114
2020-04-02,15,106
2020-04-02,16,137
2020-04-02,17,124
2020-04-02,18,105
2020-04-02,19,76
2020-04-02,20,76
2020-04-02,21,78
2020-04-02,22,71
2020-04-02,23,53
2020-04-03,0,16
2020-04-03,1,16
2020-04-03,2,21
2020-04-03,3,16
2020-04-03,4,12
2020-04-03,5,26
2020-04-03,6,53
2020-04-03,7,106
2020-04-03,8,127
2020-04-03,9,137
2020-04-03,10,132
2020-04-03,11,137
2020-04-03,12,151
2020-04-03,13,124
2020-04-03,14,118
2020-04-03,15,110
2020-04-03,16,137
2020-04-03,17,118
2020-04-03,18,118
2020-04-03,19,110
2020-04-03,20,92
2020-04-03,21,114
2020-04-03,22,119
2020-04-03,23,96
2020-04-04,0,75
2020-04-04,1,52
2020-04-04,2,48
2020-04-04,3,26
2020-04-04,4,8
2020-04-04,5,16
2020-04-04,6,31
2020-04-04,7,53
2020-04-04,8,74
2020-04-04,9,84
2020-04-04,10,88
2020-04-04,11,96
2020-04-04,12,123
2020-04-04,13,124
2020-04-04,14,109
2020-04-04,15,105
2020-04-04,16,136
2020-04-04,17,124
2020-04-04,18,141
2020-04-04,19,118
2020-04-04,20,101
2020-04-04,21,123
2020-04-04,22,135
2020-04-04,23,114
2020-04-05,0,84
2020-04-05,1,80
2020-04-05,2,66
2020-04-05,3,26
2020-04-05,4,12
2020-04-05,5,16
2020-04-05,6,21
2020-04-05,7,39
2020-04-05,8,57
2020-04-05,9,88
2020-04-05,10,105
2020-04-05,11,96
2020-04-05,12,110
2020-04-05,13,115
2020-04-05,14,100
2020-04-05,15,101
2020-04-05,16,88
2020-04-05,17,96
2020-04-05,18,92
2020-04-05,19,76
2020-04-05,20,66
2020-04-05,21,72
2020-04-05,22,53
2020-04-05,23,31
2020-04-06,0,16
2020-04-06,1,16
2020-04-06,2,16
2020-04-06,3,8
2020-04-06,4,12
2020-04-06,5,31
2020-04-06,6,58
2020-04-06,7,111
2020-04-06,8,128
2020-04-06,9,127
2020-04-06,10,112
2020-04-06,11,118
2020-04-06,12,110
2020-04-06,13,109
2020-04-06,14,104
2020-04-06,15,92
2020-04-06,16,123
2020-04-06,17,88
2020-04-06,18,84
2020-04-06,19,62
2020-04-06,20,57
2020-04-06,21,52
2020-04-06,22,40
2020-04-06,23,21
2020-04-07,0,16
2020-04-07,1,16
2020-04-07,2,12
2020-04-07,3,0
2020-04-07,4,12
2020-04-07,5,26
2020-04-07,6,61
2020-04-07,7,114
2020-04-07,8,145
2020-04-07,9,133
2020-04-07,10,119
2020-04-07,11,113
2020-04-07,12,120
2020-04-07,13,105
2020-04-07,14,123
2020-04-07,15,105
2020-04-07,16,119
2020-04-07,17,105
2020-04-07,18,101
2020-04-07,19,76
2020-04-07,20,62
2020-04-07,21,62
2020-04-07,22,44
2020-04-07,23,26
2020-04-08,0,16
2020-04-08,1,16
2020-04-08,2,16
2020-04-08,3,8
2020-04-08,4,8
2020-04-08,5,26
2020-04-08,6,62
2020-04-08,7,114
2020-04-08,8,137
2020-04-08,9,114
2020-04-08,10,104
2020-04-08,11,123
2020-04-08,12,119
2020-04-08,13,105
2020-04-08,14,110
2020-04-08,15,100
2020-04-08,16,124
2020-04-08,17,127
2020-04-08,18,100
2020-04-08,19,71
2020-04-08,20,72
2020-04-08,21,62
2020-04-08,22,48
2020-04-08,23,31
2020-04-09,0,16
2020-04-09,1,16
2020-04-09,2,16
2020-04-09,3,8
2020-04-09,4,12
2020-04-09,5,31
2020-04-09,6,62
2020-04-09,7,97
2020-04-09,8,146
2020-04-09,9,127
2020-04-09,10,123
2020-04-09,11,132
2020-04-09,12,132
2020-04-09,13,104
2020-04-09,14,106
2020-04-09,15,101
2020-04-09,16,123
2020-04-09,17,123
2020-04-09,18,88
2020-04-09,19,76
2020-04-09,20,84
2020-04-09,21,88
2020-04-09,22,71
2020-04-09,23,40
2020-04-10,0,21
2020-04-10,1,16
2020-04-10,2,16
2020-04-10,3,20
2020-04-10,4,8
2020-04-10,5,26
2020-04-10,6,67
2020-04-10,7,118
2020-04-10,8,146
2020-04-10,9,133
2020-04-10,10,132
2020-04-10,11,132
2020-04-10,12,136
2020-04-10,13,124
2020-04-10,14,118
2020-04-10,15,114
2020-04-10,16,137
2020-04-10,17,123
2020-04-10,18,122
2020-04-10,19,110
2020-04-10,20,110
2020-04-10,21,114
2020-04-10,22,123
2020-04-10,23,101
2020-04-11,0,62
2020-04-11,1,44
2020-04-11,2,44
2020-04-11,3,17
2020-04-11,4,0
2020-04-11,5,16
2020-04-11,6,26
2020-04-11,7,48
2020-04-11,8,71
2020-04-11,9,84
2020-04-11,10,88
2020-04-11,11,100
2020-04-11,12,123
2020-04-11,13,122
2020-04-11,14,109
2020-04-11,15,105
2020-04-11,16,136
2020-04-11,17,124
2020-04-11,18,132
2020-04-11,19,119
2020-04-11,20,101
2020-04-11,21,105
2020-04-11,22,128
2020-04-11,23,114
2020-04-12,0,79
2020-04-12,1,72
2020-04-12,2,57
2020-04-12,3,26
2020-04-12,4,12
2020-04-12,5,16
2020-04-12,6,26
2020-04-12,7,49
2020-04-12,8,71
2020-04-12,9,96
2020-04-12,10,109
2020-04-12,11,105
2020-04-12,12,123
2020-04-12,13,115
2020-04-12,14,109
2020-04-12,15,110
2020-04-12,16,105
2020-04-12,17,101
2020-04-12,18,110
2020-04-12,19,80
2020-04-12,20,66
2020-04-12,21,72
2020-04-12,22,53
2020-04-12,23,31
2020-04-13,0,16
2020-04-13,1,16
2020-04-13,2,16
2020-04-13,3,4
2020-04-13,4,12
2020-04-13,5,31
2020-04-13,6,58
2020-04-13,7,115
2020-04-13,8,145
2020-04-13,9,127
2020-04-13,10,114
2020-04-13,11,114
2020-04-13,12,114
2020-04-13,13,109
2020-04-13,14,104
2020-04-13,15,109
2020-04-13,16,141
2020-04-13,17,101
2020-04-13,18,100
2020-04-13,19,62
2020-04-13,20,57
2020-04-13,21,57
2020-04-13,22,48
2020-04-13,23,16
2020-04-14,0,16
2020-04-14,1,16
2020-04-14,2,12
2020-04-14,3,4
2020-04-14,4,12
2020-04-14,5,26
2020-04-14,6,62
2020-04-14,7,118
2020-04-14,8,142
2020-04-14,9,132
2020-04-14,10,124
2020-04-14,11,128
2020-04-14,12,119
2020-04-14,13,109
2020-04-14,14,119
2020-04-14,15,101
2020-04-14,16,123
2020-04-14,17,114
2020-04-14,18,101
2020-04-14,19,76
2020-04-14,20,62
2020-04-14,21,62
2020-04-14,22,44
2020-04-14,23,31
2020-04-15,0,16
2020-04-15,1,16
2020-04-15,2,16
2020-04-15,3,4
2020-04-15,4,8
2020-04-15,5,26
2020-04-15,6,66
2020-04-15,7,101
2020-04-15,8,137
2020-04-15,9,133
2020-04-15,10,123
2020-04-15,11,146
2020-04-15,12,135
2020-04-15,13,106
2020-04-15,14,114
2020-04-15,15,114
2020-04-15,16,119
2020-04-15,17,118
2020-04-15,18,104
2020-04-15,19,80
2020-04-15,20,72
2020-04-15,21,62
2020-04-15,22,48
2020-04-15,23,36
2020-04-16,0,16
2020-04-16,1,16
2020-04-16,2,16
2020-04-16,3,8
2020-04-16,4,12
2020-04-16,5,31
2020-04-16,6,71
2020-04-16,7,110
2020-04-16,8,146
2020-04-16,9,137
2020-04-16,10,145
2020-04-16,11,141
2020-04-16,12,132
2020-04-16,13,124
2020-04-16,14,114
2020-04-16,15,111
2020-04-16,16,142
2020-04-16,17,132
2020-04-16,18,110
2020-04-16,19,76
2020-04-16,20,80
2020-04-16,21,88
2020-04-16,22,71
2020-04-16,23,48
2020-04-17,0,31
2020-04-17,1,16
2020-04-17,2,21
2020-04-17,3,16
2020-04-17,4,12
2020-04-17,5,26
2020-04-17,6,67
2020-04-17,7,106
2020-04-17,8,141
2020-04-17,9,137
2020-04-17,10,119
2020-04-17,11,128
2020-04-17,12,136
2020-04-17,13,128
2020-04-17,14,118
2020-04-17,15,119
2020-04-17,16,145
2020-04-17,17,128
2020-04-17,18,122
2020-04-17,19,109
2020-04-17,20,98
2020-04-17,21,127
2020-04-17,22,132
2020-04-17,23,105
2020-04-18,0,75
2020-04-18,1,52
2020-04-18,2,57
2020-04-18,3,30
2020-04-18,4,8
2020-04-18,5,16
2020-04-18,6,31
2020-04-18,7,58
2020-04-18,8,84
2020-04-18,9,84
2020-04-18,10,88
2020-04-18,11,100
2020-04-18,12,123
2020-04-18,13,136
2020-04-18,14,125
2020-04-18,15,114
2020-04-18,16,136
2020-04-18,17,123
2020-04-18,18,141
2020-04-18,19,119
2020-04-18,20,114
2020-04-18,21,101
2020-04-18,22,137
2020-04-18,23,114
2020-04-19,0,79
2020-04-19,1,76
2020-04-19,2,57
2020-04-19,3,26
2020-04-19,4,12
2020-04-19,5,16
2020-04-19,6,26
2020-04-19,7,49
2020-04-19,8,71
2020-04-19,9,96
2020-04-19,10,109
2020-04-19,11,114
2020-04-19,12,132
2020-04-19,13,131
2020-04-19,14,100
2020-04-19,15,101
2020-04-19,16,88
2020-04-19,17,96
2020-04-19,18,92
2020-04-19,19,76
2020-04-19,20,62
2020-04-19,21,67
2020-04-19,22,53
2020-04-19,23,26
2020-04-20,0,16
2020-04-20,1,16
2020-04-20,2,16
2020-04-20,3,4
2020-04-20,4,12
2020-04-20,5,31
2020-04-20,6,58
2020-04-20,7,115
2020-04-20,8,128
2020-04-20,9,118
2020-04-20,10,104
2020-04-20,11,110
2020-04-20,12,114
2020-04-20,13,114
2020-04-20,14,104
2020-04-20,15,92
2020-04-20,16,128
2020-04-20,17,96
2020-04-20,18,84
2020-04-20,19,62
2020-04-20,20,57
2020-04-20,21,52
2020-04-20,22,40
2020-04-20,23,26
2020-04-21,0,16
2020-04-21,1,16
2020-04-21,2,16
2020-04-21,3,0
2020-04-21,4,12
2020-04-21,5,26
2020-04-21,6,67
2020-04-21,7,118
2020-04-21,8,141
2020-04-21,9,123
2020-04-21,10,124
2020-04-21,11,113
2020-04-21,12,114
2020-04-21,13,109
2020-04-21,14,104
2020-04-21,15,97
2020-04-21,16,123
2020-04-21,17,114
2020-04-21,18,101
2020-04-21,19,76
2020-04-21,20,57
2020-04-21,21,52
2020-04-21,22,44
2020-04-21,23,26
2020-04-22,0,16
2020-04-22,1,16
2020-04-22,2,16
2020-04-22,3,4
2020-04-22,4,8
2020-04-22,5,26
2020-04-22,6,66
2020-04-22,7,110
2020-04-22,8,146
2020-04-22,9,123
2020-04-22,10,104
2020-04-22,11,115
2020-04-22,12,119
2020-04-22,13,105
2020-04-22,14,114
2020-04-22,15,109
2020-04-22,16,114
2020-04-22,17,118
2020-04-22,18,100
2020-04-22,19,71
2020-04-22,20,72
2020-04-22,21,62
2020-04-22,22,48
2020-04-22,23,36
2020-04-23,0,16
2020-04-23,1,16
2020-04-23,2,16
2020-04-23,3,8
2020-04-23,4,12
2020-04-23,5,26
2020-04-23,6,67
2020-04-23,7,118
2020-04-23,8,150
2020-04-23,9,128
2020-04-23,10,132
2020-04-23,11,132
2020-04-23,12,132
2020-04-23,13,114
2020-04-23,14,114
2020-04-23,15,109
2020-04-23,16,142
2020-04-23,17,137
2020-04-23,18,110
2020-04-23,19,76
2020-04-23,20,76
2020-04-23,21,80
2020-04-23,22,71
2020-04-23,23,40
2020-04-24,0,16
2020-04-24,1,16
2020-04-24,2,16
2020-04-24,3,16
2020-04-24,4,8
2020-04-24,5,26
2020-04-24,6,67
2020-04-24,7,114
2020-04-24,8,146
2020-04-24,9,137
2020-04-24,10,123
2020-04-24,11,141
2020-04-24,12,132
2020-04-24,13,128
2020-04-24,14,118
2020-04-24,15,119
2020-04-24,16,133
2020-04-24,17,114
2020-04-24,18,110
2020-04-24,19,110
2020-04-24,20,101
2020-04-24,21,127
2020-04-24,22,127
2020-04-24,23,88
2020-04-25,0,66
2020-04-25,1,52
2020-04-25,2,53
2020-04-25,3,26
2020-04-25,4,4
2020-04-25,5,16
2020-04-25,6,31
2020-04-25,7,53
2020-04-25,8,75
2020-04-25,9,84
2020-04-25,10,84
2020-04-25,11,92
2020-04-25,12,105
2020-04-25,13,109
2020-04-25,14,119
2020-04-25,15,109
2020-04-25,16,136
2020-04-25,17,124
2020-04-25,18,141
2020-04-25,19,119
2020-04-25,20,105
2020-04-25,21,127
2020-04-25,22,127
2020-04-25,23,119
2020-04-26,0,79
2020-04-26,1,76
2020-04-26,2,62
2020-04-26,3,26
2020-04-26,4,12
2020-04-26,5,16
2020-04-26,6,21
2020-04-26,7,44
2020-04-26,8,66
2020-04-26,9,96
2020-04-26,10,109
2020-04-26,11,114
2020-04-26,12,132
2020-04-26,13,131
2020-04-26,14,101
2020-04-26,15,101
2020-04-26,16,88
2020-04-26,17,96
2020-04-26,18,110
2020-04-26,19,80
2020-04-26,20,66
2020-04-26,21,72
2020-04-26,22,53
2020-04-26,23,26
2020-04-27,0,16
2020-04-27,1,16
2020-04-27,2,12
2020-04-27,3,4
2020-04-27,4,8
2020-04-27,5,38
2020-04-27,6,58
2020-04-27,7,106
2020-04-27,8,136
2020-04-27,9,127
2020-04-27,10,109
2020-04-27,11,110
2020-04-27,12,114
2020-04-27,13,110
2020-04-27,14,96
2020-04-27,15,88
2020-04-27,16,119
2020-04-27,17,92
2020-04-27,18,84
2020-04-27,19,62
2020-04-27,20,57
2020-04-27,21,52
2020-04-27,22,36
2020-04-27,23,16
2020-04-28,0,16
2020-04-28,1,16
2020-04-28,2,16
2020-04-28,3,0
2020-04-28,4,12
2020-04-28,5,26
2020-04-28,6,57
2020-04-28,7,116
2020-04-28,8,140
2020-04-28,9,128
2020-04-28,10,124
2020-04-28,11,128
2020-04-28,12,132
2020-04-28,13,109
2020-04-28,14,114
2020-04-28,15,100
2020-04-28,16,114
2020-04-28,17,101
2020-04-28,18,100
2020-04-28,19,84
2020-04-28,20,62
2020-04-28,21,62
2020-04-28,22,44
2020-04-28,23,31
2020-04-29,0,16
2020-04-29,1,16
2020-04-29,2,16
2020-04-29,3,8
2020-04-29,4,8
2020-04-29,5,26
2020-04-29,6,66
2020-04-29,7,105
2020-04-29,8,141
2020-04-29,9,128
2020-04-29,10,110
2020-04-29,11,127
2020-04-29,12,127
2020-04-29,13,100
2020-04-29,14,114
2020-04-29,15,105
2020-04-29,16,114
2020-04-29,17,123
2020-04-29,18,109
2020-04-29,19,80
2020-04-29,20,72
2020-04-29,21,62
2020-04-29,22,48
2020-04-29,23,36
2020-04-30,0,16
2020-04-30,1,16
2020-04-30,2,16
2020-04-30,3,12
2020-04-30,4,12
2020-04-30,5,31
2020-04-30,6,71
2020-04-30,7,106
2020-04-30,8,141
2020-04-30,9,118
2020-04-30,10,132
2020-04-30,11,128
2020-04-30,12,128
2020-04-30,13,124
2020-04-30,14,114
2020-04-30,15,110
2020-04-30,16,137
2020-04-30,17,127
2020-04-30,18,105
2020-04-30,19,76
2020-04-30,20,80
2020-04-30,21,76
2020-04-30,22,63
2020-04-30,23,48
2020-05-01,0,26
2020-05-01,1,16
2020-05-01,2,21
2020-05-01,3,16
2020-05-01,4,8
2020-05-01,5,26
2020-05-01,6,58
2020-05-01,7,123
2020-05-01,8,155
2020-05-01,9,137
2020-05-01,10,124
2020-05-01,11,136
2020-05-01,12,140
2020-05-01,13,128
2020-05-01,14,118
2020-05-01,15,114
2020-05-01,16,138
2020-05-01,17,116
2020-05-01,18,114
2020-05-01,19,110
2020-05-01,20,101
2020-05-01,21,109
2020-05-01,22,123
2020-05-01,23,105
2020-05-02,0,62
2020-05-02,1,52
2020-05-02,2,53
2020-05-02,3,21
2020-05-02,4,4
2020-05-02,5,12
2020-05-02,6,26
2020-05-02,7,53
2020-05-02,8,79
2020-05-02,9,88
2020-05-02,10,92
2020-05-02,11,106
2020-05-02,12,114
2020-05-02,13,119
2020-05-02,14,109
2020-05-02,15,105
2020-05-02,16,136
2020-05-02,17,132
2020-05-02,18,141
2020-05-02,19,119
2020-05-02,20,101
2020-05-02,21,114
2020-05-02,22,137
2020-05-02,23,114
2020-05-03,0,84
2020-05-03,1,80
2020-05-03,2,66
2020-05-03,3,26
2020-05-03,4,12
2020-05-03,5,12
2020-05-03,6,21
2020-05-03,7,39
2020-05-03,8,71
2020-05-03,9,96
2020-05-03,10,109
2020-05-03,11,114
2020-05-03,12,132
2020-05-03,13,119
2020-05-03,14,114
2020-05-03,15,109
2020-05-03,16,105
2020-05-03,17,101
2020-05-03,18,92
2020-05-03,19,76
2020-05-03,20,66
2020-05-03,21,72
2020-05-03,22,48
2020-05-03,23,26
2020-05-04,0,16
2020-05-04,1,16
2020-05-04,2,16
2020-05-04,3,4
2020-05-04,4,8
2020-05-04,5,31
2020-05-04,6,58
2020-05-04,7,124
2020-05-04,8,128
2020-05-04,9,118
2020-05-04,10,104
2020-05-04,11,119
2020-05-04,12,114
2020-05-04,13,114
2020-05-04,14,96
2020-05-04,15,88
2020-05-04,16,118
2020-05-04,17,89
2020-05-04,18,96
2020-05-04,19,62
2020-05-04,20,62
2020-05-04,21,57
2020-05-04,22,40
2020-05-04,23,26
2020-05-05,0,16
2020-05-05,1,16
2020-05-05,9,117
2020-05-05,10,115
2020-05-05,11,110
2020-05-05,12,115
2020-05-05,13,109
2020-05-05,14,100
2020-05-05,15,92
2020-05-05,16,114
2020-05-05,17,110
2020-05-05,18,97
2020-05-05,19,72
2020-05-05,20,57
2020-05-05,21,52
2020-05-05,22,44
2020-05-05,23,21
2020-05-06,0,16
2020-05-06,1,16
2020-05-06,2,16
2020-05-06,3,4
2020-05-06,4,8
2020-05-06,5,26
2020-05-06,6,61
2020-05-06,7,123
2020-05-06,8,146
2020-05-06,9,118
2020-05-06,10,110
2020-05-06,11,115
2020-05-06,12,110
2020-05-06,13,100
2020-05-06,14,114
2020-05-06,15,109
2020-05-06,16,114
2020-05-06,17,123
2020-05-06,18,100
2020-05-06,19,69
2020-05-06,20,67
2020-05-06,21,62
2020-05-06,22,48
2020-05-06,23,36
2020-05-07,0,16
2020-05-07,1,16
2020-05-07,2,16
2020-05-07,3,12
2020-05-07,4,12
2020-05-07,5,26
2020-05-07,6,71
2020-05-07,7,114
2020-05-07,8,151
2020-05-07,9,127
2020-05-07,10,132
2020-05-07,11,114
2020-05-07,12,128
2020-05-07,13,104
2020-05-07,14,114
2020-05-07,15,100
2020-05-07,16,132
2020-05-07,17,123
2020-05-07,18,110
2020-05-07,19,76
2020-05-07,20,76
2020-05-07,21,76
2020-05-07,22,67
2020-05-07,23,44
2020-05-08,0,16
2020-05-08,1,16
2020-05-08,2,16
2020-05-08,3,16
2020-05-08,4,4
2020-05-08,5,21
2020-05-08,6,58
2020-05-08,7,118
2020-05-08,8,141
2020-05-08,9,136
2020-05-08,10,123
2020-05-08,11,127
2020-05-08,12,141
2020-05-08,13,128
2020-05-08,14,123
2020-05-08,15,119
2020-05-08,16,142
2020-05-08,17,128
2020-05-08,18,122
2020-05-08,19,110
2020-05-08,20,101
2020-05-08,21,127
2020-05-08,22,132
2020-05-08,23,105
2020-05-09,0,75
2020-05-09,1,52
2020-05-09,2,58
2020-05-09,3,30
2020-05-09,4,8
2020-05-09,5,16
2020-05-09,6,31
2020-05-09,7,58
2020-05-09,8,88
2020-05-09,9,88
2020-05-09,10,96
2020-05-09,11,100
2020-05-09,12,123
2020-05-09,13,124
2020-05-09,14,109
2020-05-09,15,105
2020-05-09,16,141
2020-05-09,17,115
2020-05-09,18,141
2020-05-09,19,119
2020-05-09,20,119
2020-05-09,21,127
2020-05-09,22,137
2020-05-09,23,114
2020-05-10,0,79
2020-05-10,1,80
2020-05-10,2,62
2020-05-10,3,26
2020-05-10,4,12
2020-05-10,5,16
2020-05-10,6,21
2020-05-10,7,49
2020-05-10,8,71
2020-05-10,9,96
2020-05-10,10,109
2020-05-10,11,114
2020-05-10,12,127
2020-05-10,13,115
2020-05-10,14,100
2020-05-10,15,92
2020-05-10,16,80
2020-05-10,17,84
2020-05-10,18,101
2020-05-10,19,72
2020-05-10,20,62
2020-05-10,21,52
2020-05-10,22,48
2020-05-10,23,26
2020-05-11,0,16
2020-05-11,1,16
2020-05-11,2,16
2020-05-11,3,8
2020-05-11,4,12
2020-05-11,5,31
2020-05-11,6,58
2020-05-11,7,111
2020-05-11,8,137
2020-05-11,9,116
2020-05-11,10,108
2020-05-11,11,114
2020-05-11,12,114
2020-05-11,13,114
2020-05-11,14,104
2020-05-11,15,92
2020-05-11,16,128
2020-05-11,17,92
2020-05-11,18,84
2020-05-11,19,62
2020-05-11,20,52
2020-05-11,21,52
2020-05-11,22,36
2020-05-11,23,26
2020-05-12,0,16
2020-05-12,1,16
2020-05-12,2,16
2020-05-12,3,4
2020-05-12,4,12
2020-05-12,5,21
2020-05-12,6,66
2020-05-12,7,110
2020-05-12,8,146
2020-05-12,9,123
2020-05-12,10,119
2020-05-12,11,118
2020-05-12,12,114
2020-05-12,13,109
2020-05-12,14,119
2020-05-12,15,92
2020-05-12,16,114
2020-05-12,17,114
2020-05-12,18,92
2020-05-12,19,80
2020-05-12,20,57
2020-05-12,21,62
2020-05-12,22,44
2020-05-12,23,31
2020-05-13,0,16
2020-05-13,1,16
2020-05-13,2,16
2020-05-13,3,4
2020-05-13,4,8
2020-05-13,5,31
2020-05-13,6,66
2020-05-13,7,114
2020-05-13,8,142
2020-05-13,9,123
2020-05-13,10,109
2020-05-13,11,123
2020-05-13,12,123
2020-05-13,13,105
2020-05-13,14,114
2020-05-13,15,115
2020-05-13,16,124
2020-05-13,17,127
2020-05-13,18,100
2020-05-13,19,67
2020-05-13,20,67
2020-05-13,21,62
2020-05-13,22,48
2020-05-13,23,36
2020-05-14,0,16
2020-05-14,1,16
2020-05-14,2,16
2020-05-14,3,12
2020-05-14,4,12
2020-05-14,5,31
2020-05-14,6,67
2020-05-14,7,110
2020-05-14,8,141
2020-05-14,9,122
2020-05-14,10,128
2020-05-14,11,128
2020-05-14,12,128
2020-05-14,13,126
2020-05-14,14,111
2020-05-14,15,104
2020-05-14,16,137
2020-05-14,17,132
2020-05-14,18,105
2020-05-14,19,76
2020-05-14,20,76
2020-05-14,21,80
2020-05-14,22,68
2020-05-14,23,44
2020-05-15,0,31
2020-05-15,1,16
2020-05-15,2,21
2020-05-15,3,16
2020-05-15,4,8
2020-05-15,5,26
2020-05-15,6,67
2020-05-15,7,114
2020-05-15,8,146
2020-05-15,9,137
2020-05-15,10,128
2020-05-15,11,140
2020-05-15,12,140
2020-05-15,13,128
2020-05-15,14,137
2020-05-15,15,118
2020-05-15,16,141
2020-05-15,17,128
2020-05-15,18,118
2020-05-15,19,97
2020-05-15,20,88
2020-05-15,21,118
2020-05-15,22,127
2020-05-15,23,105
2020-05-16,0,75
2020-05-16,1,52
2020-05-16,2,48
2020-05-16,3,30
2020-05-16,4,12
2020-05-16,5,16
2020-05-16,6,31
2020-05-16,7,58
2020-05-16,8,88
2020-05-16,9,88
2020-05-16,10,96
2020-05-16,11,100
2020-05-16,12,109
2020-05-16,13,109
2020-05-16,14,109
2020-05-16,15,100
2020-05-16,16,136
2020-05-16,17,123
2020-05-16,18,149
2020-05-16,19,132
2020-05-16,20,119
2020-05-16,21,127
2020-05-16,22,128
2020-05-16,23,119
2020-05-17,0,79
2020-05-17,1,80
2020-05-17,2,62
2020-05-17,3,26
2020-05-17,4,12
2020-05-17,5,12
2020-05-17,6,26
2020-05-17,7,49
2020-05-17,8,62
2020-05-17,9,96
2020-05-17,10,109
2020-05-17,11,115
2020-05-17,12,132
2020-05-17,13,115
2020-05-17,14,100
2020-05-17,15,97
2020-05-17,16,87
2020-05-17,17,96
2020-05-17,18,110
2020-05-17,19,80
2020-05-17,20,66
2020-05-17,21,72
2020-05-17,22,53
2020-05-17,23,26
2020-05-18,0,16
2020-05-18,1,16
2020-05-18,2,16
2020-05-18,3,8
2020-05-18,4,12
2020-05-18,5,26
2020-05-18,6,58
2020-05-18,7,115
2020-05-18,8,128
2020-05-18,9,118
2020-05-18,10,109
2020-05-18,11,105
2020-05-18,12,114
2020-05-18,13,114
2020-05-18,14,104
2020-05-18,15,96
2020-05-18,16,114
2020-05-18,17,84
2020-05-18,18,84
2020-05-18,19,62
2020-05-18,20,57
2020-05-18,21,52
2020-05-18,22,40
2020-05-18,23,16
2020-05-19,0,16
2020-05-19,1,16
2020-05-19,2,12
2020-05-19,3,0
2020-05-19,4,12
2020-05-19,5,26
2020-05-19,6,62
2020-05-19,7,114
2020-05-19,8,136
2020-05-19,9,123
2020-05-19,10,114
2020-05-19,11,113
2020-05-19,12,114
2020-05-19,13,105
2020-05-19,14,105
2020-05-19,15,101
2020-05-19,16,113
2020-05-19,17,110
2020-05-19,18,88
2020-05-19,19,72
2020-05-19,20,52
2020-05-19,21,52
2020-05-19,22,44
2020-05-19,23,26
2020-05-20,0,16
2020-05-20,1,16
2020-05-20,2,12
2020-05-20,3,4
2020-05-20,4,4
2020-05-20,5,21
2020-05-20,6,66
2020-05-20,7,110
2020-05-20,8,146
2020-05-20,9,119
2020-05-20,10,109
2020-05-20,11,118
2020-05-20,12,114
2020-05-20,13,105
2020-05-20,14,114
2020-05-20,15,109
2020-05-20,16,114
2020-05-20,17,110
2020-05-20,18,88
2020-05-20,19,62
2020-05-20,20,62
2020-05-20,21,57
2020-05-20,22,48
2020-05-20,23,36
2020-05-21,0,16
2020-05-21,1,16
2020-05-21,2,16
2020-05-21,3,8
2020-05-21,4,12
2020-05-21,5,26
2020-05-21,6,62
2020-05-21,7,114
2020-05-21,8,146
2020-05-21,9,160
2020-05-21,11,135
2020-05-21,12,128
2020-05-21,13,124
2020-05-21,14,114
2020-05-21,15,110
2020-05-21,16,132
2020-05-21,17,127
2020-05-21,18,101
2020-05-21,19,76
2020-05-21,20,84
2020-05-21,21,88
2020-05-21,22,71
2020-05-21,23,48
2020-05-22,0,31
2020-05-22,1,16
2020-05-22,2,21
2020-05-22,3,16
2020-05-22,4,12
2020-05-22,5,21
2020-05-22,6,62
2020-05-22,7,106
2020-05-22,8,150
2020-05-22,9,141
2020-05-22,10,127
2020-05-22,11,150
2020-05-22,12,145
2020-05-22,13,129
2020-05-22,14,123
2020-05-22,15,119
2020-05-22,16,142
2020-05-22,17,114
2020-05-22,18,118
2020-05-22,19,105
2020-05-22,20,97
2020-05-22,21,110
2020-05-22,22,124
2020-05-22,23,93
2020-05-23,0,62
2020-05-23,1,52
2020-05-23,2,53
2020-05-23,3,30
2020-05-23,4,12
2020-05-23,5,16
2020-05-23,6,31
2020-05-23,7,58
2020-05-23,8,84
2020-05-23,9,88
2020-05-23,10,88
2020-05-23,11,104
2020-05-23,12,123
2020-05-23,13,124
2020-05-23,14,109
2020-05-23,15,100
2020-05-23,16,123
2020-05-23,17,132
2020-05-23,18,140
2020-05-23,19,118
2020-05-23,20,105
2020-05-23,21,119
2020-05-23,22,128
2020-05-23,23,119
2020-05-24,0,88
2020-05-24,1,80
2020-05-24,2,62
2020-05-24,3,26
2020-05-24,4,12
2020-05-24,5,16
2020-05-24,6,28
2020-05-24,7,49
2020-05-24,8,71
2020-05-24,9,96
2020-05-24,10,105
2020-05-24,11,114
2020-05-24,12,127
2020-05-24,13,123
2020-05-24,14,119
2020-05-24,15,110
2020-05-24,16,105
2020-05-24,17,101
2020-05-24,18,110
2020-05-24,19,80
2020-05-24,20,66
2020-05-24,21,70
2020-05-24,22,53
2020-05-24,23,35
2020-05-25,0,16
2020-05-25,1,16
2020-05-25,2,16
2020-05-25,3,8
2020-05-25,4,12
2020-05-25,5,35
2020-05-25,6,75
2020-05-25,7,115
2020-05-25,8,154
2020-05-25,9,127
2020-05-25,10,109
2020-05-25,11,119
2020-05-25,12,114
2020-05-25,13,114
2020-05-25,14,105
2020-05-25,15,100
2020-05-25,16,123
2020-05-25,17,94
2020-05-25,18,88
2020-05-25,19,62
2020-05-25,20,62
2020-05-25,21,57
2020-05-25,22,48
2020-05-25,23,26
2020-05-26,0,16
2020-05-26,1,16
2020-05-26,2,16
2020-05-26,3,4
2020-05-26,4,12
2020-05-26,5,31
2020-05-26,6,67
2020-05-26,7,118
2020-05-26,8,145
2020-05-26,9,123
2020-05-26,10,119
2020-05-26,11,122
2020-05-26,12,110
2020-05-26,13,105
2020-05-26,14,114
2020-05-26,15,97
2020-05-26,16,123
2020-05-26,17,105
2020-05-26,18,101
2020-05-26,19,76
2020-05-26,20,57
2020-05-26,21,52
2020-05-26,22,43
2020-05-26,23,31
2020-05-27,0,16
2020-05-27,1,16
2020-05-27,2,16
2020-05-27,3,4
2020-05-27,4,8
2020-05-27,5,26
2020-05-27,6,71
2020-05-27,7,114
2020-05-27,8,146
2020-05-27,9,128
2020-05-27,10,110
2020-05-27,11,127
2020-05-27,12,119
2020-05-27,13,115
2020-05-27,14,119
2020-05-27,15,109
2020-05-27,16,104
2020-05-27,17,118
2020-05-27,18,110
2020-05-27,19,80
2020-05-27,20,67
2020-05-27,21,62
2020-05-27,22,48
2020-05-27,23,36
2020-05-28,0,16
2020-05-28,1,16
2020-05-28,2,16
2020-05-28,3,8
2020-05-28,4,12
2020-05-28,5,31
2020-05-28,6,71
2020-05-28,7,114
2020-05-28,8,151
2020-05-28,9,122
2020-05-28,10,128
2020-05-28,11,136
2020-05-28,12,123
2020-05-28,13,119
2020-05-28,14,114
2020-05-28,15,92
2020-05-28,16,114
2020-05-28,17,137
2020-05-28,18,105
2020-05-28,19,76
2020-05-28,20,80
2020-05-28,21,80
2020-05-28,22,67
2020-05-28,23,48
2020-05-29,0,21
2020-05-29,1,16
2020-05-29,2,21
2020-05-29,3,16
2020-05-29,4,12
2020-05-29,5,26
2020-05-29,6,63
2020-05-29,7,123
2020-05-29,8,163
2020-05-29,9,138
2020-05-29,10,124
2020-05-29,11,142
2020-05-29,12,155
2020-05-29,13,137
2020-05-29,14,114
2020-05-29,15,119
2020-05-29,16,146
2020-05-29,17,127
2020-05-29,18,128
2020-05-29,19,128
2020-05-29,20,105
2020-05-29,21,109
2020-05-29,22,119
2020-05-29,23,96
2020-05-30,0,67
2020-05-30,1,52
2020-05-30,2,48
2020-05-30,3,26
2020-05-30,4,8
2020-05-30,5,16
2020-05-30,6,31
2020-05-30,7,53
2020-05-30,8,79
2020-05-30,9,84
2020-05-30,10,88
2020-05-30,11,105
2020-05-30,12,120
2020-05-30,13,114
2020-05-30,14,105
2020-05-30,15,100
2020-05-30,16,132
2020-05-30,17,127
2020-05-30,18,132
2020-05-30,19,119
2020-05-30,20,105
2020-05-30,21,127
2020-05-30,22,137
2020-05-30,23,110
2020-05-31,0,69
2020-05-31,1,72
2020-05-31,2,57
2020-05-31,3,26
2020-05-31,4,12
2020-05-31,5,16
2020-05-31,6,26
2020-05-31,7,49
2020-05-31,8,71
2020-05-31,9,96
2020-05-31,10,105
2020-05-31,11,100
2020-05-31,12,127
2020-05-31,13,123
2020-05-31,14,119
2020-05-31,15,106
2020-05-31,16,92
2020-05-31,17,101
2020-05-31,18,110
2020-05-31,19,80
2020-05-31,20,66
2020-05-31,21,72
2020-05-31,22,53
2020-05-31,23,31
2020-06-01,0,16
2020-06-01,1,16
2020-06-01,2,16
2020-06-01,3,12
2020-06-01,4,12
2020-06-01,5,35
2020-06-01,6,67
2020-06-01,7,123
2020-06-01,8,141
2020-06-01,9,127
2020-06-01,10,109
2020-06-01,11,119
2020-06-01,12,119
2020-06-01,13,114
2020-06-01,14,104
2020-06-01,15,92
2020-06-01,16,123
2020-06-01,17,89
2020-06-01,18,84
2020-06-01,19,62
2020-06-01,20,57
2020-06-01,21,52
2020-06-01,22,48
2020-06-01,23,26
2020-06-02,0,16
2020-06-02,1,16
2020-06-02,2,16
2020-06-02,3,0
2020-06-02,4,12
2020-06-02,5,26
2020-06-02,6,71
2020-06-02,7,123
2020-06-02,8,154
2020-06-02,9,114
2020-06-02,10,104
2020-06-02,11,109
2020-06-02,12,115
2020-06-02,13,80
2020-06-02,14,101
2020-06-02,15,84
2020-06-02,16,88
2020-06-02,17,102
2020-06-02,18,84
2020-06-02,19,57
2020-06-02,20,52
2020-06-02,21,48
2020-06-02,22,36
2020-06-02,23,26
2020-06-03,0,16
2020-06-03,1,12
2020-06-03,2,12
2020-06-03,3,0
2020-06-03,4,4
2020-06-03,5,16
2020-06-03,6,53
2020-06-03,7,105
2020-06-03,8,132
2020-06-03,9,109
2020-06-03,10,96
2020-06-03,11,100
2020-06-03,12,100
2020-06-03,13,97
2020-06-03,14,105
2020-06-03,15,92
2020-06-03,16,110
2020-06-03,17,101
2020-06-03,18,92
2020-06-03,19,62
2020-06-03,20,52
2020-06-03,21,44
2020-06-03,22,40
2020-06-03,23,31
2020-06-04,0,16
2020-06-04,1,12
2020-06-04,2,16
2020-06-04,3,8
2020-06-04,4,12
2020-06-04,5,21
2020-06-04,6,53
2020-06-04,7,93
2020-06-04,8,119
2020-06-04,9,110
2020-06-04,10,109
2020-06-04,11,109
2020-06-04,12,109
2020-06-04,13,104
2020-06-04,14,96
2020-06-04,15,92
2020-06-04,16,110
2020-06-04,17,100
2020-06-04,18,80
2020-06-04,19,62
2020-06-04,20,62
2020-06-04,21,72
2020-06-04,22,48
2020-06-04,23,36
2020-06-05,0,16
2020-06-05,1,16
2020-06-05,2,16
2020-06-05,3,4
2020-06-05,4,4
2020-06-05,5,21
2020-06-05,6,58
2020-06-05,7,97
2020-06-05,8,115
2020-06-05,9,114
2020-06-05,10,96
2020-06-05,11,114
2020-06-05,12,123
2020-06-05,13,105
2020-06-05,14,101
2020-06-05,15,100
2020-06-05,16,123
2020-06-05,17,105
2020-06-05,18,101
2020-06-05,19,97
2020-06-05,20,84
2020-06-05,21,96
2020-06-05,22,100
2020-06-05,23,76
2020-06-06,0,53
2020-06-06,1,40
2020-06-06,2,44
2020-06-06,3,13
2020-06-06,4,0
2020-06-06,5,8
2020-06-06,6,26
2020-06-06,7,44
2020-06-06,8,58
2020-06-06,9,61
2020-06-06,10,70
2020-06-06,11,88
2020-06-06,12,96
2020-06-06,13,96
2020-06-06,14,88
2020-06-06,15,84
2020-06-06,16,105
2020-06-06,17,96
2020-06-06,18,110
2020-06-06,19,100
2020-06-06,20,89
2020-06-06,21,100
2020-06-06,22,101
2020-06-06,23,92
2020-06-07,0,71
2020-06-07,1,62
2020-06-07,2,53
2020-06-07,3,21
2020-06-07,4,8
2020-06-07,5,12
2020-06-07,6,26
2020-06-07,7,49
2020-06-07,8,53
2020-06-07,9,80
2020-06-07,10,88
2020-06-07,11,84
2020-06-07,12,100
2020-06-07,13,88
2020-06-07,14,80
2020-06-07,15,76
2020-06-07,16,67
2020-06-07,17,75
2020-06-07,18,80
2020-06-07,19,62
2020-06-07,20,44
2020-06-07,21,52
2020-06-07,22,44
2020-06-07,23,26
2020-06-08,0,16
2020-06-08,1,4
2020-06-08,2,4
2020-06-08,3,0
2020-06-08,4,8
2020-06-08,5,16
2020-06-08,6,53
2020-06-08,7,93
2020-06-08,8,123
2020-06-08,9,110
2020-06-08,10,92
2020-06-08,11,92
2020-06-08,12,96
2020-06-08,13,96
2020-06-08,14,89
2020-06-08,15,76
2020-06-08,16,109
2020-06-08,17,80
2020-06-08,18,75
2020-06-08,19,53
2020-06-08,20,49
2020-06-08,21,48
2020-06-08,22,36
2020-06-08,23,16
2020-06-09,0,16
2020-06-09,1,12
2020-06-09,2,16
2020-06-09,3,4
2020-06-09,4,12
2020-06-09,5,16
2020-06-09,6,57
2020-06-09,7,102
2020-06-09,8,132
2020-06-09,9,110
2020-06-09,10,110
2020-06-09,11,123
2020-06-09,12,104
2020-06-09,13,92
2020-06-09,14,105
2020-06-09,15,88
2020-06-09,16,96
2020-06-09,17,88
2020-06-09,18,80
2020-06-09,19,57
2020-06-09,20,52
2020-06-09,21,52
2020-06-09,22,44
2020-06-09,23,26
2020-06-10,0,16
2020-06-10,1,16
2020-06-10,2,12
2020-06-10,3,0
2020-06-10,4,4
2020-06-10,5,26
2020-06-10,6,58
2020-06-10,7,101
2020-06-10,8,114
2020-06-10,9,114
2020-06-10,10,88
2020-06-10,11,92
2020-06-10,12,96
2020-06-10,13,101
2020-06-10,14,96
2020-06-10,15,89
2020-06-10,16,100
2020-06-10,17,105
2020-06-10,18,84
2020-06-10,19,62
2020-06-10,20,52
2020-06-10,21,44
2020-06-10,22,44
2020-06-10,23,26
2020-06-11,0,16
2020-06-11,1,8
2020-06-11,2,8
2020-06-11,3,8
2020-06-11,4,8
2020-06-11,5,26
2020-06-11,6,53
2020-06-11,7,102
2020-06-11,8,141
2020-06-11,9,119
2020-06-11,10,123
2020-06-11,11,109
2020-06-11,12,105
2020-06-11,13,109
2020-06-11,14,96
2020-06-11,15,92
2020-06-11,16,79
2020-06-11,17,103
2020-06-11,18,88
2020-06-11,19,72
2020-06-11,20,62
2020-06-11,21,60
2020-06-11,22,53
2020-06-11,23,36
2020-06-12,0,16
2020-06-12,1,16
2020-06-12,2,16
2020-06-12,3,16
2020-06-12,4,8
2020-06-12,5,26
2020-06-12,6,62
2020-06-12,7,96
2020-06-12,8,127
2020-06-12,9,109
2020-06-12,10,85
2020-06-12,11,119
2020-06-12,12,128
2020-06-12,13,115
2020-06-12,14,101
2020-06-12,15,100
2020-06-12,16,119
2020-06-12,17,110
2020-06-12,18,101
2020-06-12,19,88
2020-06-12,20,92
2020-06-12,21,84
2020-06-12,22,100
2020-06-12,23,80
2020-06-13,0,60
2020-06-13,1,36
2020-06-13,2,44
2020-06-13,3,18
2020-06-13,4,4
2020-06-13,5,8
2020-06-13,6,21
2020-06-13,7,49
2020-06-13,8,58
2020-06-13,9,71
2020-06-13,10,76
2020-06-13,11,84
2020-06-13,12,100
2020-06-13,13,100
2020-06-13,14,88
2020-06-13,15,84
2020-06-13,16,105
2020-06-13,17,100
2020-06-13,18,114
2020-06-13,19,92
2020-06-13,20,84
2020-06-13,21,88
2020-06-13,22,96
2020-06-13,23,92
2020-06-14,0,53
2020-06-14,1,52
2020-06-14,2,40
2020-06-14,3,16
2020-06-14,4,6
2020-06-14,5,3
2020-06-14,6,21
2020-06-14,7,35
2020-06-14,8,53
2020-06-14,9,80
2020-06-14,10,92
2020-06-14,11,92
2020-06-14,12,97
2020-06-14,13,96
2020-06-14,14,84
2020-06-14,15,80
2020-06-14,16,75
2020-06-14,17,84
2020-06-14,18,80
2020-06-14,19,62
2020-06-14,20,53
2020-06-14,21,57
2020-06-14,22,44
2020-06-14,23,35
2020-06-15,0,16
2020-06-15,1,16
2020-06-15,2,0
2020-06-15,3,0
2020-06-15,4,4
2020-06-15,5,11
2020-06-15,6,46
2020-06-15,7,97
2020-06-15,8,119
2020-06-15,9,100
2020-06-15,10,101
2020-06-15,11,119
2020-06-15,12,103
2020-06-15,13,86
2020-06-15,14,50
2020-06-15,15,27
2020-06-15,16,41
2020-06-15,17,72
2020-06-15,18,84
2020-06-15,19,48
2020-06-15,20,48
2020-06-15,21,48
2020-06-15,22,44
2020-06-15,23,21
2020-06-16,0,16
2020-06-16,1,12
2020-06-16,2,16
2020-06-16,3,4
2020-06-16,4,12
2020-06-16,5,16
2020-06-16,6,62
2020-06-16,7,106
2020-06-16,8,132
2020-06-16,9,119
2020-06-16,10,123
2020-06-16,11,119
2020-06-16,12,109
2020-06-16,13,96
2020-06-16,14,100
2020-06-16,15,92
2020-06-16,16,114
2020-06-16,17,119
2020-06-16,18,84
2020-06-16,19,69
2020-06-16,20,57
2020-06-16,21,52
2020-06-16,22,44
2020-06-16,23,26
2020-06-17,0,16
2020-06-17,1,16
2020-06-17,2,16
2020-06-17,3,0
2020-06-17,4,3
2020-06-17,5,9
2020-06-17,6,48
2020-06-17,7,105
2020-06-17,8,127
2020-06-17,9,104
2020-06-17,10,42
2020-06-17,11,34
2020-06-17,12,101
2020-06-17,13,62
2020-06-17,14,114
2020-06-17,15,96
2020-06-17,16,97
2020-06-17,17,114
2020-06-17,18,92
2020-06-17,19,72
2020-06-17,20,57
2020-06-17,21,44
2020-06-17,22,40
2020-06-17,23,35
2020-06-18,0,16
2020-06-18,1,16
2020-06-18,2,16
2020-06-18,3,8
2020-06-18,4,12
2020-06-18,5,26
2020-06-18,6,62
2020-06-18,7,97
2020-06-18,8,136
2020-06-18,9,110
2020-06-18,10,123
2020-06-18,11,114
2020-06-18,12,109
2020-06-18,13,100
2020-06-18,14,96
2020-06-18,15,92
2020-06-18,16,110
2020-06-18,17,105
2020-06-18,18,92
2020-06-18,19,80
2020-06-18,20,75
2020-06-18,21,72
2020-06-18,22,70
2020-06-18,23,40
2020-06-19,0,16
2020-06-19,1,16
2020-06-19,2,5
2020-06-19,3,2
2020-06-19,4,4
2020-06-19,5,21
2020-06-19,6,58
2020-06-19,7,101
2020-06-19,8,123
2020-06-19,9,110
2020-06-19,10,100
2020-06-19,11,127
2020-06-19,12,129
2020-06-19,13,119
2020-06-19,14,110
2020-06-19,15,97
2020-06-19,16,110
2020-06-19,17,76
2020-06-19,18,101
2020-06-19,19,97
2020-06-19,20,92
2020-06-19,21,96
2020-06-19,22,109
2020-06-19,23,101
2020-06-20,0,35
2020-06-20,1,1
2020-06-20,2,0
2020-06-20,3,2
2020-06-20,4,4
2020-06-20,5,2
2020-06-20,6,21
2020-06-20,7,44
2020-06-20,8,62
2020-06-20,9,75
2020-06-20,10,88
2020-06-20,11,101
2020-06-20,12,123
2020-06-20,13,115
2020-06-20,14,111
2020-06-20,15,97
2020-06-20,16,128
2020-06-20,17,123
2020-06-20,18,115
2020-06-20,19,96
2020-06-20,20,84
2020-06-20,21,88
2020-06-20,22,100
2020-06-20,23,37
2020-06-21,0,10
2020-06-21,1,2
2020-06-21,2,2
2020-06-21,3,2
2020-06-21,4,0
2020-06-21,5,4
2020-06-21,6,21
2020-06-21,7,35
2020-06-21,8,53
2020-06-21,9,80
2020-06-21,10,96
2020-06-21,11,100
2020-06-21,12,118
2020-06-21,13,107
2020-06-21,14,110
2020-06-21,15,88
2020-06-21,16,71
2020-06-21,17,88
2020-06-21,18,84
2020-06-21,19,62
2020-06-21,20,48
2020-06-21,21,52
2020-06-21,22,44
2020-06-21,23,26
2020-06-22,0,16
2020-06-22,1,16
2020-06-22,2,8
2020-06-22,3,0
2020-06-22,4,4
2020-06-22,5,21
2020-06-22,6,53
2020-06-22,7,97
2020-06-22,8,113
2020-06-22,9,105
2020-06-22,10,47
2020-06-22,11,52
2020-06-22,12,48
2020-06-22,13,64
2020-06-22,14,33
2020-06-22,15,29
2020-06-22,16,96
2020-06-22,17,84
2020-06-22,18,92
2020-06-22,19,62
2020-06-22,20,48
2020-06-22,21,48
2020-06-22,22,36
2020-06-22,23,9
2020-06-23,0,1
2020-06-23,1,2
2020-06-23,2,3
2020-06-23,3,1
2020-06-23,4,12
2020-06-23,5,28
2020-06-23,6,62
2020-06-23,7,106
2020-06-23,8,132
2020-06-23,9,127
2020-06-23,10,114
2020-06-23,11,115
2020-06-23,12,136
2020-06-23,13,96
2020-06-23,14,83
2020-06-23,15,88
2020-06-23,16,96
2020-06-23,17,97
2020-06-23,18,88
2020-06-23,19,72
2020-06-23,20,52
2020-06-23,21,44
2020-06-23,22,36
2020-06-23,23,26
2020-06-24,0,16
2020-06-24,1,16
2020-06-24,2,11
2020-06-24,3,0
2020-06-24,4,4
2020-06-24,5,16
2020-06-24,6,62
2020-06-24,7,96
2020-06-24,8,132
2020-06-24,9,94
2020-06-24,10,50
2020-06-24,11,88
2020-06-24,12,109
2020-06-24,13,104
2020-06-24,14,136
2020-06-24,15,74
2020-06-24,16,97
2020-06-24,17,23
2020-06-24,18,96
2020-06-24,19,67
2020-06-24,20,67
2020-06-24,21,48
2020-06-25,9,115
2020-06-25,10,73
2020-06-25,11,86
2020-06-25,12,127
2020-06-25,13,113
2020-06-25,14,105
2020-06-25,15,114
2020-06-25,16,136
2020-06-25,17,127
2020-06-25,18,101
2020-06-25,19,76
2020-06-25,20,75
2020-06-25,21,80
2020-06-25,22,75
2020-06-25,23,49
2020-06-26,0,31
2020-06-26,1,21
2020-06-26,2,16
2020-06-26,3,8
2020-06-26,4,8
2020-06-26,5,35
2020-06-26,6,75
2020-06-26,7,105
2020-06-26,8,140
2020-06-26,9,119
2020-06-26,10,92
2020-06-26,11,70
2020-06-26,12,115
2020-06-26,13,154
2020-06-26,14,74
2020-06-26,15,95
2020-06-26,16,149
2020-06-26,17,119
2020-06-26,18,123
2020-06-26,19,124
2020-06-26,20,113
2020-06-26,21,123
2020-06-26,22,127
2020-06-26,23,105
2020-06-27,0,40
2020-06-27,1,1
2020-06-27,2,2
2020-06-27,3,0
2020-06-27,4,3
2020-06-27,5,7
2020-06-27,6,36
2020-06-27,7,63
2020-06-27,8,88
2020-06-27,9,80
2020-06-27,10,92
2020-06-27,11,119
2020-06-27,12,128
2020-06-27,13,124
2020-06-27,14,128
2020-06-27,15,124
2020-06-27,16,155
2020-06-27,17,142
2020-06-27,18,137
2020-06-27,19,124
2020-06-27,20,114
2020-06-27,21,119
2020-06-27,22,123
2020-06-27,23,38
2020-06-28,0,5
2020-06-28,1,2
2020-06-28,2,0
2020-06-28,3,2
2020-06-28,4,3
2020-06-28,5,3
2020-06-28,6,25
2020-06-28,7,39
2020-06-28,8,61
2020-06-28,9,88
2020-06-28,10,100
2020-06-28,11,104
2020-06-28,12,132
2020-06-28,13,131
2020-06-28,14,105
2020-06-28,15,88
2020-06-28,16,80
2020-06-28,17,84
2020-06-28,18,101
2020-06-28,19,84
2020-06-28,20,71
2020-06-28,21,62
2020-06-28,22,49
2020-06-28,23,20
2020-06-29,0,0
2020-06-29,1,3
2020-06-29,2,2
2020-06-29,3,0
2020-06-29,4,5
2020-06-29,5,11
2020-06-29,6,51
2020-06-29,7,118
2020-06-29,8,137
2020-06-29,9,140
2020-06-29,10,70
2020-06-29,11,59
2020-06-29,12,81
2020-06-29,13,96
2020-06-29,14,88
2020-06-29,15,65
2020-06-29,16,114
2020-06-29,17,101
2020-06-29,18,88
2020-06-29,19,62
2020-06-29,20,57
2020-06-29,21,57
2020-06-29,22,44
2020-06-29,23,21
2020-06-30,0,4
2020-06-30,1,0
2020-06-30,2,4
2020-06-30,3,0
2020-06-30,4,12
2020-06-30,5,7
2020-06-30,6,71
2020-06-30,7,110
2020-06-30,8,137
2020-06-30,9,137
2020-06-30,10,128
2020-06-30,11,124
2020-06-30,12,132
2020-06-30,13,119
2020-06-30,14,110
2020-06-30,15,105
2020-06-30,16,114
2020-06-30,17,114
2020-06-30,18,86
2020-06-30,19,76
2020-06-30,20,57
2020-06-30,21,52
2020-06-30,22,40
2020-06-30,23,31
2020-07-01,0,16
2020-07-01,1,16
2020-07-01,2,16
2020-07-01,3,8
2020-07-01,4,4
2020-07-01,5,16
2020-07-01,6,62
2020-07-01,7,105
2020-07-01,8,141
2020-07-01,9,114
2020-07-01,10,92
2020-07-01,11,56
2020-07-01,12,49
2020-07-01,13,56
2020-07-01,14,65
2020-07-01,15,55
2020-07-01,16,114
2020-07-01,17,66
2020-07-01,18,105
2020-07-01,19,66
2020-07-01,20,62
2020-07-01,21,57
2020-07-01,22,48
2020-07-01,23,31
2020-07-02,0,3
2020-07-02,1,1
2020-07-02,2,1
2020-07-02,3,1
2020-07-02,4,8
2020-07-02,5,21
2020-07-02,6,71
2020-07-02,7,110
2020-07-02,8,142
2020-07-02,9,136
2020-07-02,10,123
2020-07-02,11,127
2020-07-02,12,132
2020-07-02,13,124
2020-07-02,14,90
2020-07-02,15,84
2020-07-02,16,131
2020-07-02,17,128
2020-07-02,18,105
2020-07-02,19,76
2020-07-02,20,59
2020-07-02,21,76
2020-07-02,22,67
2020-07-02,23,44
2020-07-03,0,16
2020-07-03,1,16
2020-07-03,2,16
2020-07-03,3,8
2020-07-03,4,4
2020-07-03,5,26
2020-07-03,6,67
2020-07-03,7,96
2020-07-03,8,127
2020-07-03,9,128
2020-07-03,10,115
2020-07-03,11,137
2020-07-03,12,141
2020-07-03,13,115
2020-07-03,14,111
2020-07-03,15,119
2020-07-03,16,136
2020-07-03,17,110
2020-07-03,18,114
2020-07-03,19,106
2020-07-03,20,92
2020-07-03,21,96
2020-07-03,22,114
2020-07-03,23,110
2020-07-04,0,62
2020-07-04,1,40
2020-07-04,2,36
2020-07-04,3,13
2020-07-04,4,4
2020-07-04,5,2
2020-07-04,6,31
2020-07-04,7,48
2020-07-04,8,71
2020-07-04,9,80
2020-07-04,10,80
2020-07-04,11,105
2020-07-04,12,114
2020-07-04,13,109
2020-07-04,14,119
2020-07-04,15,110
2020-07-04,16,133
2020-07-04,17,114
2020-07-04,18,128
2020-07-04,19,114
2020-07-04,20,106
2020-07-04,21,105
2020-07-04,22,114
2020-07-04,23,79
2020-07-05,0,48
2020-07-05,1,52
2020-07-05,2,39
2020-07-05,3,16
2020-07-05,4,0
2020-07-05,5,6
2020-07-05,6,24
2020-07-05,7,40
2020-07-05,8,53
2020-07-05,9,84
2020-07-05,10,88
2020-07-05,11,88
2020-07-05,12,123
2020-07-05,13,100
2020-07-05,14,96
2020-07-05,15,92
2020-07-05,16,79
2020-07-05,17,84
2020-07-05,18,92
2020-07-05,19,71
2020-07-05,20,53
2020-07-05,21,52
2020-07-05,22,53
2020-07-05,23,26
2020-07-06,0,16
2020-07-06,1,16
2020-07-06,2,4
2020-07-06,3,0
2020-07-06,4,6
2020-07-06,5,12
2020-07-06,6,57
2020-07-06,7,110
2020-07-06,8,142
2020-07-06,9,113
2020-07-06,10,70
2020-07-06,11,92
2020-07-06,12,88
2020-07-06,13,92
2020-07-06,14,80
2020-07-06,15,65
2020-07-06,16,100
2020-07-06,17,92
2020-07-06,18,88
2020-07-06,19,62
2020-07-06,20,55
2020-07-06,21,48
2020-07-06,22,40
2020-07-06,23,21
2020-07-07,0,8
2020-07-07,1,8
2020-07-07,2,8
2020-07-07,3,0
2020-07-07,4,13
2020-07-07,5,9
2020-07-07,6,34
2020-07-07,7,53
2020-07-07,8,59
2020-07-07,9,57
2020-07-07,10,61
2020-07-07,11,59
2020-07-07,12,62
2020-07-07,13,111
2020-07-07,14,106
2020-07-07,15,69
2020-07-07,16,48
2020-07-07,17,93
2020-07-07,18,92
2020-07-07,19,72
2020-07-07,20,57
2020-07-07,21,52
2020-07-07,22,44
2020-07-07,23,30
2020-07-08,0,16
2020-07-08,1,16
2020-07-08,2,16
2020-07-08,3,1
2020-07-08,4,3
2020-07-08,5,10
2020-07-08,6,41
2020-07-08,7,53
2020-07-08,8,60
2020-07-08,9,63
2020-07-08,10,50
2020-07-08,11,54
2020-07-08,12,57
2020-07-08,13,69
2020-07-08,14,69
2020-07-08,15,92
2020-07-08,16,118
2020-07-08,17,92
2020-07-08,18,92
2020-07-08,19,66
2020-07-08,20,62
2020-07-08,21,57
2020-07-08,22,48
2020-07-08,23,40
2020-07-09,0,15
2020-07-09,1,3
2020-07-09,2,0
2020-07-09,3,2
2020-07-09,4,2
2020-07-09,5,11
2020-07-09,6,32
2020-07-09,7,50
2020-07-09,8,51
2020-07-09,9,102
2020-07-09,10,119
2020-07-09,11,127
2020-07-09,12,125
2020-07-09,13,119
2020-07-09,14,109
2020-07-09,15,106
2020-07-09,16,127
2020-07-09,17,123
2020-07-09,18,92
2020-07-09,19,80
2020-07-09,20,67
2020-07-09,21,80
2020-07-09,22,71
2020-07-09,23,26
2020-07-10,0,6
2020-07-10,1,2
2020-07-10,2,1
2020-07-10,3,1
2020-07-10,4,3
2020-07-10,5,7
2020-07-10,6,62
2020-07-10,7,110
2020-07-10,8,141
2020-07-10,9,128
2020-07-10,10,111
2020-07-10,11,132
2020-07-10,12,137
2020-07-10,13,119
2020-07-10,14,96
2020-07-10,15,83
2020-07-10,16,95
2020-07-10,17,118
2020-07-10,18,127
2020-07-10,19,110
2020-07-10,20,92
2020-07-10,21,101
2020-07-10,22,127
2020-07-10,23,96
2020-07-11,0,58
2020-07-11,1,36
2020-07-11,2,31
2020-07-11,3,13
2020-07-11,4,0
2020-07-11,5,8
2020-07-11,6,31
2020-07-11,7,48
2020-07-11,8,75
2020-07-11,9,78
2020-07-11,10,84
2020-07-11,11,101
2020-07-11,12,114
2020-07-11,13,114
2020-07-11,14,114
2020-07-11,15,110
2020-07-11,16,127
2020-07-11,17,156
2020-07-11,18,132
2020-07-11,19,114
2020-07-11,20,97
2020-07-11,21,100
2020-07-11,22,128
2020-07-11,23,15
2020-07-12,0,10
2020-07-12,1,5
2020-07-12,2,0
2020-07-12,3,1
2020-07-12,4,3
2020-07-12,5,8
2020-07-12,6,24
2020-07-12,7,40
2020-07-12,8,53
2020-07-12,9,76
2020-07-12,10,88
2020-07-12,11,100
2020-07-12,12,114
2020-07-12,13,128
2020-07-12,14,119
2020-07-12,15,109
2020-07-12,16,92
2020-07-12,17,93
2020-07-12,18,92
2020-07-12,19,72
2020-07-12,20,39
2020-07-12,21,52
2020-07-12,22,52
2020-07-12,23,18
2020-07-13,0,4
2020-07-13,1,2
2020-07-13,2,0
2020-07-13,3,1
2020-07-13,4,2
2020-07-13,5,5
2020-07-13,6,30
2020-07-13,7,52
2020-07-13,8,60
2020-07-13,9,59
2020-07-13,10,60
2020-07-13,11,47
2020-07-13,12,48
2020-07-13,13,92
2020-07-13,14,80
2020-07-13,15,67
2020-07-13,16,109
2020-07-13,17,88
2020-07-13,18,75
2020-07-13,19,62
2020-07-13,20,52
2020-07-13,21,48
2020-07-13,22,48
2020-07-13,23,26
2020-07-14,0,8
2020-07-14,1,12
2020-07-14,2,4
2020-07-14,3,0
2020-07-14,4,12
2020-07-14,5,16
2020-07-14,6,53
2020-07-14,7,88
2020-07-14,8,118
2020-07-14,9,104
2020-07-14,10,104
2020-07-14,11,101
2020-07-14,12,109
2020-07-14,13,96
2020-07-14,14,105
2020-07-14,15,88
2020-07-14,16,94
2020-07-14,17,101
2020-07-14,18,96
2020-07-14,19,76
2020-07-14,20,52
2020-07-14,21,52
2020-07-14,22,40
2020-07-14,23,14
2020-07-15,0,5
2020-07-15,1,4
2020-07-15,2,16
2020-07-15,3,0
2020-07-15,4,4
2020-07-15,5,16
2020-07-15,6,44
2020-07-15,7,60
2020-07-15,8,52
2020-07-15,9,71
2020-07-15,10,97
2020-07-15,11,88
2020-07-15,12,88
2020-07-15,13,70
2020-07-15,14,44
2020-07-15,15,60
2020-07-15,16,53
2020-07-15,17,49
2020-07-15,18,39
2020-07-15,19,80
2020-07-15,20,76
2020-07-15,21,67
2020-07-15,22,57
2020-07-15,23,35
2020-07-16,0,5
2020-07-16,1,2
2020-07-16,2,3
2020-07-16,3,4
2020-07-16,4,12
2020-07-16,5,23
2020-07-16,6,59
2020-07-16,7,53
2020-07-16,8,123
2020-07-16,9,141
2020-07-16,10,131
2020-07-16,11,146
2020-07-16,12,149
2020-07-16,13,141
2020-07-16,14,127
2020-07-16,15,120
2020-07-16,16,154
2020-07-16,17,138
2020-07-16,18,115
2020-07-16,19,84
2020-07-16,20,76
2020-07-16,21,88
2020-07-16,22,79
2020-07-16,23,48
2020-07-17,0,5
2020-07-17,1,2
2020-07-17,2,4
2020-07-17,3,16
2020-07-17,4,8
2020-07-17,5,15
2020-07-17,6,52
2020-07-17,7,60
2020-07-17,8,94
2020-07-17,9,75
2020-07-17,10,71
2020-07-17,11,140
2020-07-17,12,154
2020-07-17,13,145
2020-07-17,14,122
2020-07-17,15,123
2020-07-17,16,146
2020-07-17,17,146
2020-07-17,18,142
2020-07-17,19,123
2020-07-17,20,118
2020-07-17,21,127
2020-07-17,22,83
2020-07-17,23,23
2020-07-18,0,21
2020-07-18,1,9
2020-07-18,2,23
2020-07-18,3,13
2020-07-18,4,10
2020-07-18,5,7
2020-07-18,6,28
2020-07-18,7,63
2020-07-18,8,88
2020-07-18,9,88
2020-07-18,10,101
2020-07-18,11,124
2020-07-18,12,109
2020-07-18,13,137
2020-07-18,14,136
2020-07-18,15,119
2020-07-18,16,155
2020-07-18,17,154
2020-07-18,18,154
2020-07-18,19,136
2020-07-18,20,123
2020-07-18,21,123
2020-07-18,22,112
2020-07-18,23,57
2020-07-19,0,20
2020-07-19,1,17
2020-07-19,2,13
2020-07-19,3,21
2020-07-19,4,4
2020-07-19,5,6
2020-07-19,6,21
2020-07-19,7,44
2020-07-19,8,66
2020-07-19,9,101
2020-07-19,10,109
2020-07-19,11,114
2020-07-19,12,128
2020-07-19,13,127
2020-07-19,14,114
2020-07-19,15,133
2020-07-19,16,101
2020-07-19,17,101
2020-07-19,18,110
2020-07-19,19,84
2020-07-19,20,65
2020-07-19,21,72
2020-07-19,22,57
2020-07-19,23,34
2020-07-20,0,8
2020-07-20,1,3
2020-07-20,2,2
2020-07-20,3,0
2020-07-20,4,8
2020-07-20,5,9
2020-07-20,6,53
2020-07-20,7,101
2020-07-20,8,123
2020-07-20,9,42
2020-07-20,10,79
2020-07-20,11,46
2020-07-20,12,42
2020-07-20,13,61
2020-07-20,14,59
2020-07-20,15,54
2020-07-20,16,68
2020-07-20,17,100
2020-07-20,18,96
2020-07-20,19,66
2020-07-20,20,62
2020-07-20,21,57
2020-07-20,22,52
2020-07-20,23,7
2020-07-21,0,4
2020-07-21,1,2
2020-07-21,2,1
2020-07-21,3,0
2020-07-21,4,3
2020-07-21,5,15
2020-07-21,6,57
2020-07-21,7,109
2020-07-21,8,137
2020-07-21,9,132
2020-07-21,10,115
2020-07-21,11,124
2020-07-21,12,140
2020-07-21,13,47
2020-07-21,14,57
2020-07-21,15,56
2020-07-21,16,54
2020-07-21,17,37
2020-07-21,18,64
2020-07-21,19,80
2020-07-21,20,67
2020-07-21,21,62
2020-07-21,22,52
2020-07-21,23,40
2020-07-22,0,16
2020-07-22,1,16
2020-07-22,2,16
2020-07-22,3,4
2020-07-22,4,4
2020-07-22,5,11
2020-07-22,6,62
2020-07-22,7,92
2020-07-22,8,119
2020-07-22,9,104
2020-07-22,10,88
2020-07-22,11,100
2020-07-22,12,104
2020-07-22,13,109
2020-07-22,14,101
2020-07-22,15,96
2020-07-22,16,119
2020-07-22,17,101
2020-07-22,18,96
2020-07-22,19,80
2020-07-22,20,72
2020-07-22,21,65
2020-07-22,22,57
2020-07-22,23,44
2020-07-23,0,16
2020-07-23,1,12
2020-07-23,2,8
2020-07-23,3,4
2020-07-23,4,8
2020-07-23,5,11
2020-07-23,6,63
2020-07-23,7,96
2020-07-23,8,171
2020-07-23,9,145
2020-07-23,10,136
2020-07-23,11,141
2020-07-23,12,149
2020-07-23,13,140
2020-07-23,14,128
2020-07-23,15,119
2020-07-23,16,155
2020-07-23,17,150
2020-07-23,18,124
2020-07-23,19,92
2020-07-23,20,76
2020-07-23,21,92
2020-07-23,22,79
2020-07-23,23,45
2020-07-24,0,7
2020-07-24,1,0
2020-07-24,2,2
2020-07-24,3,1
2020-07-24,4,10
2020-07-24,5,31
2020-07-24,6,67
2020-07-24,7,106
2020-07-24,8,146
2020-07-24,9,137
2020-07-24,10,123
2020-07-24,11,150
2020-07-24,12,159
2020-07-24,13,145
2020-07-24,14,133
2020-07-24,15,132
2020-07-24,16,154
2020-07-24,17,142
2020-07-24,18,146
2020-07-24,19,128
2020-07-24,20,118
2020-07-24,21,118
2020-07-24,22,124
2020-07-24,23,30
2020-07-25,0,17
2020-07-25,1,13
2020-07-25,2,0
2020-07-25,3,2
2020-07-25,4,3
2020-07-25,5,14
2020-07-25,6,31
2020-07-25,7,63
2020-07-25,8,88
2020-07-25,9,88
2020-07-25,10,97
2020-07-25,11,119
2020-07-25,12,141
2020-07-25,13,141
2020-07-25,14,133
2020-07-25,15,127
2020-07-25,16,155
2020-07-25,17,164
2020-07-25,18,62
2020-07-25,19,136
2020-07-25,20,120
2020-07-25,21,132
2020-07-25,22,103
2020-07-25,23,33
2020-07-26,0,20
2020-07-26,1,14
2020-07-26,2,2
2020-07-26,3,2
2020-07-26,4,2
2020-07-26,5,4
2020-07-26,6,24
2020-07-26,7,49
2020-07-26,8,70
2020-07-26,9,96
2020-07-26,10,113
2020-07-26,11,110
2020-07-26,12,114
2020-07-26,13,123
2020-07-26,14,114
2020-07-26,15,109
2020-07-26,16,97
2020-07-26,17,101
2020-07-26,18,110
2020-07-26,19,80
2020-07-26,20,62
2020-07-26,21,72
2020-07-26,22,57
2020-07-26,23,12
2020-07-27,0,9
2020-07-27,1,1
2020-07-27,2,2
2020-07-27,3,0
2020-07-27,4,3
2020-07-27,5,7
2020-07-27,6,36
2020-07-27,7,48
2020-07-27,8,90
2020-07-27,9,100
2020-07-27,10,84
2020-07-27,11,88
2020-07-27,12,84
2020-07-27,13,104
2020-07-27,14,88
2020-07-27,15,76
2020-07-27,16,97
2020-07-27,17,100
2020-07-27,18,92
2020-07-27,19,66
2020-07-27,20,62
2020-07-27,21,55
2020-07-27,22,53
2020-07-27,23,30
2020-07-28,0,12
2020-07-28,1,3
2020-07-28,2,0
2020-07-28,3,4
2020-07-28,4,3
2020-07-28,5,9
2020-07-28,6,55
2020-07-28,7,110
2020-07-28,8,136
2020-07-28,9,132
2020-07-28,10,119
2020-07-28,11,81
2020-07-28,12,127
2020-07-28,13,111
2020-07-28,14,101
2020-07-28,15,96
2020-07-28,16,100
2020-07-28,17,109
2020-07-28,18,100
2020-07-28,19,92
2020-07-28,20,71
2020-07-28,21,52
2020-07-28,22,52
2020-07-28,23,44
2020-07-29,0,9
2020-07-29,1,6
2020-07-29,2,2
2020-07-29,3,5
2020-07-29,4,5
2020-07-29,5,8
2020-07-29,6,35
2020-07-29,7,41
2020-07-29,8,51
2020-07-29,9,59
2020-07-29,10,53
2020-07-29,11,61
2020-07-29,12,85
2020-07-29,13,101
2020-07-29,14,96
2020-07-29,15,100
2020-07-29,16,114
2020-07-29,17,96
2020-07-29,18,100
2020-07-29,19,80
2020-07-29,20,76
2020-07-29,21,62
2020-07-29,22,57
2020-07-29,23,44
2020-07-30,0,13
2020-07-30,1,4
2020-07-30,2,1
2020-07-30,3,3
2020-07-30,4,8
2020-07-30,5,17
2020-07-30,6,63
2020-07-30,7,88
2020-07-30,8,137
2020-07-30,9,141
2020-07-30,10,136
2020-07-30,11,146
2020-07-30,12,145
2020-07-30,13,94
2020-07-30,14,48
2020-07-30,15,59
2020-07-30,16,80
2020-07-30,17,60
2020-07-30,18,105
2020-07-30,19,92
2020-07-30,20,80
2020-07-30,21,92
2020-07-30,22,83
2020-07-30,23,17
2020-07-31,0,12
2020-07-31,1,4
2020-07-31,2,1
2020-07-31,3,1
2020-07-31,4,0
2020-07-31,5,29
2020-07-31,6,71
2020-07-31,7,106
2020-07-31,8,155
2020-07-31,9,141
2020-07-31,10,128
2020-07-31,11,145
2020-07-31,12,160
2020-07-31,13,140
2020-07-31,14,123
2020-07-31,15,123
2020-07-31,16,150
2020-07-31,17,146
2020-07-31,18,146
2020-07-31,19,132
2020-07-31,20,123
2020-07-31,21,132
2020-07-31,22,131
2020-07-31,23,29
2020-08-01,0,17
2020-08-01,1,7
2020-08-01,2,3
2020-08-01,3,2
2020-08-01,4,0
2020-08-01,5,16
2020-08-01,6,31
2020-08-01,7,58
2020-08-01,8,92
2020-08-01,9,88
2020-08-01,10,97
2020-08-01,11,114
2020-08-01,12,122
2020-08-01,13,124
2020-08-01,14,132
2020-08-01,15,119
2020-08-01,16,155
2020-08-01,17,145
2020-08-01,18,137
2020-08-01,19,136
2020-08-01,20,123
2020-08-01,21,141
2020-08-01,22,134
2020-08-01,23,51
2020-08-02,0,23
2020-08-02,1,34
2020-08-02,2,32
2020-08-02,3,16
2020-08-02,4,4
2020-08-02,5,4
2020-08-02,6,26
2020-08-02,7,44
2020-08-02,8,66
2020-08-02,9,96
2020-08-02,10,109
2020-08-02,11,105
2020-08-02,12,123
2020-08-02,13,127
2020-08-02,14,119
2020-08-02,15,109
2020-08-02,16,105
2020-08-02,17,101
2020-08-02,18,110
2020-08-02,19,84
2020-08-02,20,66
2020-08-02,21,72
2020-08-02,22,61
2020-08-02,23,56
2020-08-03,0,9
2020-08-03,1,4
2020-08-03,2,3
2020-08-03,3,1
2020-08-03,4,4
2020-08-03,5,15
2020-08-03,6,42
2020-08-03,7,93
2020-08-03,8,123
2020-08-03,9,105
2020-08-03,10,84
2020-08-03,11,82
2020-08-03,12,83
2020-08-03,13,73
2020-08-03,14,57
2020-08-03,15,50
2020-08-03,16,94
2020-08-03,17,111
2020-08-03,18,100
2020-08-03,19,80
2020-08-03,20,62
2020-08-03,21,57
2020-08-03,22,52
2020-08-03,23,21
2020-08-04,0,10
2020-08-04,1,6
2020-08-04,2,1
2020-08-04,3,0
2020-08-04,4,12
2020-08-04,5,15
2020-08-04,6,45
2020-08-04,7,110
2020-08-04,8,150
2020-08-04,9,132
2020-08-04,10,132
2020-08-04,11,123
2020-08-04,12,136
2020-08-04,13,119
2020-08-04,14,114
2020-08-04,15,97
2020-08-04,16,110
2020-08-04,17,128
2020-08-04,18,147
2020-08-04,19,96
2020-08-04,20,76
2020-08-04,21,62
2020-08-04,22,52
2020-08-04,23,40
2020-08-05,0,21
2020-08-05,1,16
2020-08-05,2,16
2020-08-05,3,4
2020-08-05,4,4
2020-08-05,5,18
2020-08-05,6,27
2020-08-05,7,59
2020-08-05,8,55
2020-08-05,9,56
2020-08-05,10,59
2020-08-05,11,72
2020-08-05,12,73
2020-08-05,13,134
2020-08-05,14,105
2020-08-05,15,105
2020-08-05,16,119
2020-08-05,17,118
2020-08-05,18,115
2020-08-05,19,96
2020-08-05,20,84
2020-08-05,21,67
2020-08-05,22,62
2020-08-05,23,16
2020-08-06,0,10
2020-08-06,1,2
2020-08-06,2,5
2020-08-06,3,0
2020-08-06,4,8
2020-08-06,5,15
2020-08-06,6,44
2020-08-06,7,92
2020-08-06,8,142
2020-08-06,9,145
2020-08-06,10,141
2020-08-06,11,146
2020-08-06,12,149
2020-08-06,13,128
2020-08-06,14,115
2020-08-06,15,110
2020-08-06,16,149
2020-08-06,17,127
2020-08-06,18,118
2020-08-06,19,92
2020-08-06,20,67
2020-08-06,21,76
2020-08-06,22,83
2020-08-06,23,17
2020-08-07,0,9
2020-08-07,1,8
2020-08-07,2,3
2020-08-07,3,3
2020-08-07,4,7
2020-08-07,5,14
2020-08-07,6,67
2020-08-07,7,64
2020-08-07,8,51
2020-08-07,9,58
2020-08-07,10,64
2020-08-07,11,99
2020-08-07,12,159
2020-08-07,13,145
2020-08-07,14,128
2020-08-07,15,123
2020-08-07,16,158
2020-08-07,17,146
2020-08-07,18,146
2020-08-07,19,132
2020-08-07,20,109
2020-08-07,21,123
2020-08-07,22,61
2020-08-07,23,70
2020-08-08,0,25
2020-08-08,1,12
2020-08-08,2,9
2020-08-08,3,4
2020-08-08,4,2
2020-08-08,5,7
2020-08-08,6,26
2020-08-08,7,58
2020-08-08,8,74
2020-08-08,9,71
2020-08-08,10,105
2020-08-08,11,119
2020-08-08,12,141
2020-08-08,13,136
2020-08-08,14,137
2020-08-08,15,127
2020-08-08,16,155
2020-08-08,17,150
2020-08-08,18,146
2020-08-08,19,133
2020-08-08,20,132
2020-08-08,21,106
2020-08-08,22,138
2020-08-08,23,59
2020-08-09,0,24
2020-08-09,1,15
2020-08-09,2,3
2020-08-09,3,14
2020-08-09,4,4
2020-08-09,5,4
2020-08-09,6,26
2020-08-09,7,49
2020-08-09,8,66
2020-08-09,9,101
2020-08-09,10,113
2020-08-09,11,115
2020-08-09,12,123
2020-08-09,13,123
2020-08-09,14,96
2020-08-09,15,45
2020-08-09,16,101
2020-08-09,17,101
2020-08-09,18,110
2020-08-09,19,84
2020-08-09,20,66
2020-08-09,21,76
2020-08-09,22,62
2020-08-09,23,22
2020-08-10,0,11
2020-08-10,1,1
2020-08-10,2,4
2020-08-10,3,0
2020-08-10,4,8
2020-08-10,5,16
2020-08-10,6,16
2020-08-10,7,51
2020-08-10,8,64
2020-08-10,9,49
2020-08-10,10,61
2020-08-10,11,66
2020-08-10,12,68
2020-08-10,13,96
2020-08-10,14,80
2020-08-10,15,76
2020-08-10,16,114
2020-08-10,17,110
2020-08-10,18,105
2020-08-10,19,80
2020-08-10,20,62
2020-08-10,21,57
2020-08-10,22,34
2020-08-10,23,12
2020-08-11,0,15
2020-08-11,1,4
2020-08-11,2,0
2020-08-11,3,0
2020-08-11,4,12
2020-08-11,5,16
2020-08-11,6,66
2020-08-11,7,115
2020-08-11,8,150
2020-08-11,9,82
2020-08-11,10,57
2020-08-11,11,61
2020-08-11,12,78
2020-08-11,13,59
2020-08-11,14,64
2020-08-11,15,92
2020-08-11,16,115
2020-08-11,17,127
2020-08-11,18,105
2020-08-11,19,92
2020-08-11,20,72
2020-08-11,21,62
2020-08-11,22,52
2020-08-11,23,32
2020-08-12,0,7
2020-08-12,1,7
2020-08-12,2,5
2020-08-12,3,1
2020-08-12,4,22
2020-08-12,5,16
2020-08-12,6,53
2020-08-12,7,84
2020-08-12,8,100
2020-08-12,9,96
2020-08-12,10,76
2020-08-12,11,88
2020-08-12,12,105
2020-08-12,13,101
2020-08-12,14,97
2020-08-12,15,100
2020-08-12,16,108
2020-08-12,17,77
2020-08-12,18,56
2020-08-12,19,59
2020-08-12,20,76
2020-08-12,21,71
2020-08-12,22,54
2020-08-12,23,44
2020-08-13,0,16
2020-08-13,1,4
2020-08-13,2,0
2020-08-13,3,0
2020-08-13,4,8
2020-08-13,5,16
2020-08-13,6,55
2020-08-13,7,97
2020-08-13,8,142
2020-08-13,9,154
2020-08-13,10,141
2020-08-13,11,150
2020-08-13,12,154
2020-08-13,13,132
2020-08-13,14,109
2020-08-13,15,105
2020-08-13,16,150
2020-08-13,17,127
2020-08-13,18,119
2020-08-13,19,92
2020-08-13,20,84
2020-08-13,21,88
2020-08-13,22,80
2020-08-13,23,17
2020-08-14,0,5
2020-08-14,1,4
2020-08-14,2,2
2020-08-14,3,2
2020-08-14,4,3
2020-08-14,5,22
2020-08-14,6,67
2020-08-14,7,97
2020-08-14,8,141
2020-08-14,9,132
2020-08-14,10,119
2020-08-14,11,145
2020-08-14,12,167
2020-08-14,13,154
2020-08-14,14,132
2020-08-14,15,132
2020-08-14,16,159
2020-08-14,17,133
2020-08-14,18,146
2020-08-14,19,128
2020-08-14,20,109
2020-08-14,21,123
2020-08-14,22,103
2020-08-14,23,77
2020-08-15,0,38
2020-08-15,1,12
2020-08-15,2,2
2020-08-15,3,1
2020-08-15,4,5
2020-08-15,5,13
2020-08-15,6,29
2020-08-15,7,51
2020-08-15,8,40
2020-08-15,9,48
2020-08-15,10,52
2020-08-15,11,102
2020-08-15,12,137
2020-08-15,13,81
2020-08-15,14,114
2020-08-15,15,127
2020-08-15,16,155
2020-08-15,17,146
2020-08-15,18,141
2020-08-15,19,132
2020-08-15,20,118
2020-08-15,21,123
2020-08-15,22,135
2020-08-15,23,67
2020-08-16,0,35
2020-08-16,1,11
2020-08-16,2,12
2020-08-16,3,3
2020-08-16,4,2
2020-08-16,5,12
2020-08-16,6,24
2020-08-16,7,49
2020-08-16,8,71
2020-08-16,9,92
2020-08-16,10,105
2020-08-16,11,120
2020-08-16,12,127
2020-08-16,13,132
2020-08-16,14,115
2020-08-16,15,96
2020-08-16,16,97
2020-08-16,17,110
2020-08-16,18,114
2020-08-16,19,84
2020-08-16,20,67
2020-08-16,21,67
2020-08-16,22,62
2020-08-16,23,9
2020-08-17,0,5
2020-08-17,1,4
2020-08-17,2,0
2020-08-17,3,3
2020-08-17,4,5
2020-08-17,5,10
2020-08-17,6,28
2020-08-17,7,37
2020-08-17,8,74
2020-08-17,9,92
2020-08-17,10,88
2020-08-17,11,107
2020-08-17,12,86
2020-08-17,13,104
2020-08-17,14,75
2020-08-17,15,72
2020-08-17,16,114
2020-08-17,17,115
2020-08-17,18,105
2020-08-17,19,80
2020-08-17,20,71
2020-08-17,21,67
2020-08-17,22,52
2020-08-17,23,17
2020-08-18,0,9
2020-08-18,1,7
2020-08-18,2,0
2020-08-18,3,0
2020-08-18,4,12
2020-08-18,5,9
2020-08-18,6,61
2020-08-18,7,110
2020-08-18,8,124
2020-08-18,9,73
2020-08-18,10,114
2020-08-18,11,105
2020-08-18,12,123
2020-08-18,13,101
2020-08-18,14,99
2020-08-18,15,104
2020-08-18,16,110
2020-08-18,17,119
2020-08-18,18,139
2020-08-18,19,97
2020-08-18,20,76
2020-08-18,21,57
2020-08-18,22,52
2020-08-18,23,19
2020-08-19,0,11
2020-08-19,1,5
2020-08-19,2,1
2020-08-19,3,1
2020-08-19,4,10
2020-08-19,5,19
2020-08-19,6,38
2020-08-19,7,80
2020-08-19,8,100
2020-08-19,9,88
2020-08-19,10,80
2020-08-19,11,54
2020-08-19,12,82
2020-08-19,13,81
2020-08-19,14,92
2020-08-19,15,69
2020-08-19,16,71
2020-08-19,17,68
2020-08-19,18,93
2020-08-19,19,88
2020-08-19,20,76
2020-08-19,21,67
2020-08-19,22,52
2020-08-19,23,16
2020-08-20,0,6
2020-08-20,1,4
2020-08-20,2,3
2020-08-20,3,1
2020-08-20,4,4
2020-08-20,5,13
2020-08-20,6,62
2020-08-20,7,92
2020-08-20,8,142
2020-08-20,9,154
2020-08-20,10,145
2020-08-20,11,63
2020-08-20,12,64
2020-08-20,13,49
2020-08-20,14,53
2020-08-20,15,58
2020-08-20,16,64
2020-08-20,17,48
2020-08-20,18,63
2020-08-20,19,33
2020-08-20,20,76
2020-08-20,21,84
2020-08-20,22,83
2020-08-20,23,30
2020-08-21,0,12
2020-08-21,1,7
2020-08-21,2,2
2020-08-21,3,0
2020-08-21,4,4
2020-08-21,5,14
2020-08-21,6,37
2020-08-21,7,105
2020-08-21,8,137
2020-08-21,9,127
2020-08-21,10,113
2020-08-21,11,145
2020-08-21,12,172
2020-08-21,13,151
2020-08-21,14,123
2020-08-21,15,123
2020-08-21,16,163
2020-08-21,17,146
2020-08-21,18,150
2020-08-21,19,128
2020-08-21,20,127
2020-08-21,21,128
2020-08-21,22,103
2020-08-21,23,56
2020-08-22,0,22
2020-08-22,1,9
2020-08-22,2,3
2020-08-22,3,1
2020-08-22,4,7
2020-08-22,5,18
2020-08-22,6,26
2020-08-22,7,53
2020-08-22,8,80
2020-08-22,9,84
2020-08-22,10,92
2020-08-22,11,119
2020-08-22,12,140
2020-08-22,13,132
2020-08-22,14,136
2020-08-22,15,128
2020-08-22,16,163
2020-08-22,17,159
2020-08-22,18,137
2020-08-22,19,137
2020-08-22,20,124
2020-08-22,21,118
2020-08-22,22,131
2020-08-22,23,62
2020-08-23,0,29
2020-08-23,1,11
2020-08-23,2,20
2020-08-23,3,16
2020-08-23,4,0
2020-08-23,5,12
2020-08-23,6,21
2020-08-23,7,49
2020-08-23,8,66
2020-08-23,9,92
2020-08-23,10,108
2020-08-23,11,115
2020-08-23,12,127
2020-08-23,13,123
2020-08-23,14,115
2020-08-23,15,101
2020-08-23,16,96
2020-08-23,17,110
2020-08-23,18,110
2020-08-23,19,84
2020-08-23,20,66
2020-08-23,21,67
2020-08-23,22,62
2020-08-23,23,26
2020-08-24,0,14
2020-08-24,1,0
2020-08-24,2,0
2020-08-24,3,0
2020-08-24,4,4
2020-08-24,5,16
2020-08-24,6,40
2020-08-24,7,75
2020-08-24,8,100
2020-08-24,9,96
2020-08-24,10,80
2020-08-24,11,84
2020-08-24,12,84
2020-08-24,13,100
2020-08-24,14,80
2020-08-24,15,72
2020-08-24,16,106
2020-08-24,17,107
2020-08-24,18,110
2020-08-24,19,70
2020-08-24,20,75
2020-08-24,21,62
2020-08-24,22,52
2020-08-24,23,21
2020-08-25,0,10
2020-08-25,1,5
2020-08-25,2,4
2020-08-25,3,3
2020-08-25,4,7
2020-08-25,5,16
2020-08-25,6,40
2020-08-25,7,55
2020-08-25,8,70
2020-08-25,9,62
2020-08-25,10,47
2020-08-25,11,73
2020-08-25,12,77
2020-08-25,13,101
2020-08-25,14,114
2020-08-25,15,92
2020-08-25,16,114
2020-08-25,17,120
2020-08-25,18,119
2020-08-25,19,97
2020-08-25,20,80
2020-08-25,21,62
2020-08-25,22,57
2020-08-25,23,32
2020-08-26,0,9
2020-08-26,1,3
2020-08-26,2,2
2020-08-26,3,3
2020-08-26,4,5
2020-08-26,5,20
2020-08-26,6,30
2020-08-26,7,63
2020-08-26,8,63
2020-08-26,9,55
2020-08-26,10,52
2020-08-26,11,51
2020-08-26,12,66
2020-08-26,13,60
2020-08-26,14,89
2020-08-26,15,96
2020-08-26,16,114
2020-08-26,17,81
2020-08-26,18,78
2020-08-26,19,86
2020-08-26,20,72
2020-08-26,21,62
2020-08-26,22,62
2020-08-26,23,27
2020-08-27,0,9
2020-08-27,1,2
2020-08-27,2,0
2020-08-27,3,0
2020-08-27,4,8
2020-08-27,5,16
2020-08-27,6,62
2020-08-27,7,93
2020-08-27,8,150
2020-08-27,9,142
2020-08-27,10,146
2020-08-27,11,137
2020-08-27,12,106
2020-08-27,13,94
2020-08-27,14,101
2020-08-27,15,102
2020-08-27,16,146
2020-08-27,17,124
2020-08-27,18,133
2020-08-27,19,97
2020-08-27,20,96
2020-08-27,21,66
2020-08-27,22,100
2020-08-27,23,39
2020-08-28,0,14
2020-08-28,1,1
2020-08-28,2,0
2020-08-28,3,2
2020-08-28,4,19
2020-08-28,5,13
2020-08-28,6,65
2020-08-28,7,110
2020-08-28,8,137
2020-08-28,9,119
2020-08-28,10,109
2020-08-28,11,141
2020-08-28,12,98
2020-08-28,13,73
2020-08-28,14,76
2020-08-28,15,79
2020-08-28,16,153
2020-08-28,17,150
2020-08-28,18,158
2020-08-28,19,136
2020-08-28,20,109
2020-08-28,21,128
2020-08-28,22,127
2020-08-28,23,50
2020-08-29,0,29
2020-08-29,1,6
2020-08-29,2,4
2020-08-29,3,3
2020-08-29,4,4
2020-08-29,5,8
2020-08-29,6,30
2020-08-29,7,58
2020-08-29,8,75
2020-08-29,9,80
2020-08-29,10,88
2020-08-29,11,118
2020-08-29,12,137
2020-08-29,13,136
2020-08-29,14,141
2020-08-29,15,119
2020-08-29,16,154
2020-08-29,17,153
2020-08-29,18,146
2020-08-29,19,146
2020-08-29,20,122
2020-08-29,21,122
2020-08-29,22,97
2020-08-29,23,50
2020-08-30,0,39
2020-08-30,1,14
2020-08-30,2,3
2020-08-30,3,3
2020-08-30,4,2
2020-08-30,5,8
2020-08-30,6,26
2020-08-30,7,44
2020-08-30,8,66
2020-08-30,9,101
2020-08-30,10,105
2020-08-30,11,68
2020-08-30,12,126
2020-08-30,13,129
2020-08-30,14,107
2020-08-30,15,101
2020-08-30,16,97
2020-08-30,17,110
2020-08-30,18,83
2020-08-30,19,84
2020-08-30,20,67
2020-08-30,21,72
2020-08-30,22,62
2020-08-30,23,25
2020-08-31,0,13
2020-08-31,1,5
2020-08-31,2,3
2020-08-31,3,5
2020-08-31,4,5
2020-08-31,5,13
2020-08-31,6,40
2020-08-31,7,79
2020-08-31,8,105
2020-08-31,9,92
2020-08-31,10,84
2020-08-31,11,84
2020-08-31,12,80
2020-08-31,13,92
2020-08-31,14,80
2020-08-31,15,72
2020-08-31,16,110
2020-08-31,17,106
2020-08-31,18,105
2020-08-31,19,76
2020-08-31,20,67
2020-08-31,21,62
2020-08-31,22,52
2020-08-31,23,13
2020-09-01,0,11
2020-09-01,1,5
2020-09-01,2,0
2020-09-01,3,0
2020-09-01,4,12
2020-09-01,5,11
2020-09-01,6,26
2020-09-01,7,106
2020-09-01,8,137
2020-09-01,9,105
2020-09-01,10,104
2020-09-01,11,100
2020-09-01,12,110
2020-09-01,13,105
2020-09-01,14,109
2020-09-01,15,93
2020-09-01,16,106
2020-09-01,17,109
2020-09-01,18,96
2020-09-01,19,77
2020-09-01,20,45
2020-09-01,21,67
2020-09-01,22,57
2020-09-01,23,29
2020-09-02,0,6
2020-09-02,1,4
2020-09-02,2,0
2020-09-02,3,5
2020-09-02,4,7
2020-09-02,5,16
2020-09-02,6,35
2020-09-02,7,83
2020-09-02,8,96
2020-09-02,9,84
2020-09-02,10,72
2020-09-02,11,80
2020-09-02,12,73
2020-09-02,13,56
2020-09-02,14,54
2020-09-02,15,96
2020-09-02,16,100
2020-09-02,17,88
2020-09-02,18,84
2020-09-02,19,75
2020-09-02,20,72
2020-09-02,21,52
2020-09-02,22,12
2020-09-02,23,16
2020-09-03,0,5
2020-09-03,1,2
2020-09-03,2,2
2020-09-03,3,5
2020-09-03,4,2
2020-09-03,5,12
2020-09-03,6,50
2020-09-03,7,102
2020-09-03,8,150
2020-09-03,9,140
2020-09-03,10,136
2020-09-03,11,122
2020-09-03,12,123
2020-09-03,13,115
2020-09-03,14,96
2020-09-03,15,96
2020-09-03,16,128
2020-09-03,17,113
2020-09-03,18,100
2020-09-03,19,80
2020-09-03,20,80
2020-09-03,21,88
2020-09-03,22,83
2020-09-03,23,16
2020-09-04,0,18
2020-09-04,1,4
2020-09-04,2,2
2020-09-04,3,3
2020-09-04,4,4
2020-09-04,5,20
2020-09-04,6,61
2020-09-04,7,106
2020-09-04,8,136
2020-09-04,9,101
2020-09-04,10,78
2020-09-04,11,63
2020-09-04,12,104
2020-09-04,13,132
2020-09-04,14,114
2020-09-04,15,110
2020-09-04,16,158
2020-09-04,17,142
2020-09-04,18,142
2020-09-04,19,117
2020-09-04,20,123
2020-09-04,21,119
2020-09-04,22,109
2020-09-04,23,61
2020-09-05,0,32
2020-09-05,1,16
2020-09-05,2,16
2020-09-05,3,4
2020-09-05,4,4
2020-09-05,5,11
2020-09-05,6,31
2020-09-05,7,58
2020-09-05,8,75
2020-09-05,9,80
2020-09-05,10,61
2020-09-05,11,68
2020-09-05,12,131
2020-09-05,13,124
2020-09-05,14,137
2020-09-05,15,132
2020-09-05,16,159
2020-09-05,17,155
2020-09-05,18,141
2020-09-05,19,136
2020-09-05,20,118
2020-09-05,21,123
2020-09-05,22,123
2020-09-05,23,71
2020-09-06,0,32
2020-09-06,1,5
2020-09-06,2,12
2020-09-06,3,3
2020-09-06,4,1
2020-09-06,5,8
2020-09-06,6,26
2020-09-06,7,44
2020-09-06,8,66
2020-09-06,9,92
2020-09-06,10,110
2020-09-06,11,105
2020-09-06,12,133
2020-09-06,13,124
2020-09-06,14,111
2020-09-06,15,92
2020-09-06,16,105
2020-09-06,17,110
2020-09-06,18,105
2020-09-06,19,88
2020-09-06,20,66
2020-09-06,21,72
2020-09-06,22,62
2020-09-06,23,28
2020-09-07,0,10
2020-09-07,1,6
2020-09-07,2,2
2020-09-07,3,1
2020-09-07,4,8
2020-09-07,5,20
2020-09-07,6,25
2020-09-07,7,72
2020-09-07,8,109
2020-09-07,9,96
2020-09-07,10,84
2020-09-07,11,80
2020-09-07,12,84
2020-09-07,13,92
2020-09-07,14,84
2020-09-07,15,62
2020-09-07,16,110
2020-09-07,17,96
2020-09-07,18,84
2020-09-07,19,62
2020-09-07,20,62
2020-09-07,21,67
2020-09-07,22,48
2020-09-07,23,15
2020-09-08,0,12
2020-09-08,1,2
2020-09-08,2,5
2020-09-08,3,2
2020-09-08,4,10
2020-09-08,5,16
2020-09-08,6,30
2020-09-08,7,81
2020-09-08,8,134
2020-09-08,9,101
2020-09-08,10,100
2020-09-08,11,79
2020-09-08,12,41
2020-09-08,13,47
2020-09-08,14,58
2020-09-08,15,45
2020-09-08,16,66
2020-09-08,17,55
2020-09-08,18,60
2020-09-08,19,84
2020-09-08,20,67
2020-09-08,21,62
2020-09-08,22,62
2020-09-08,23,29
2020-09-09,0,4
2020-09-09,1,9
2020-09-09,2,4
2020-09-09,3,0
2020-09-09,4,4
2020-09-09,5,14
2020-09-09,6,38
2020-09-09,7,80
2020-09-09,8,96
2020-09-09,9,88
2020-09-09,10,72
2020-09-09,11,73
2020-09-09,12,56
2020-09-09,13,80
2020-09-09,14,88
2020-09-09,15,92
2020-09-09,16,100
2020-09-09,17,88
2020-09-09,18,80
2020-09-09,19,66
2020-09-09,20,80
2020-09-09,21,62
2020-09-09,22,48
2020-09-09,23,12
2020-09-10,0,5
2020-09-10,1,0
2020-09-10,2,0
2020-09-10,3,0
2020-09-10,4,4
2020-09-10,5,16
2020-09-10,6,21
2020-09-10,7,56
2020-09-10,8,144
2020-09-10,9,142
2020-09-10,10,136
2020-09-10,11,137
2020-09-10,12,123
2020-09-10,13,110
2020-09-10,14,92
2020-09-10,15,101
2020-09-10,16,132
2020-09-10,17,119
2020-09-10,18,114
2020-09-10,19,76
2020-09-10,20,76
2020-09-10,21,88
2020-09-10,22,79
2020-09-10,23,25
2020-09-11,0,9
2020-09-11,1,6
2020-09-11,2,1
2020-09-11,3,4
2020-09-11,4,3
2020-09-11,5,16
2020-09-11,6,36
2020-09-11,7,103
2020-09-11,8,137
2020-09-11,9,123
2020-09-11,10,101
2020-09-11,11,123
2020-09-11,12,141
2020-09-11,13,128
2020-09-11,14,105
2020-09-11,15,119
2020-09-11,16,158
2020-09-11,17,150
2020-09-11,18,146
2020-09-11,19,121
2020-09-11,20,113
2020-09-11,21,123
2020-09-11,22,99
2020-09-11,23,48
2020-09-12,0,23
2020-09-12,1,11
2020-09-12,2,4
2020-09-12,3,2
2020-09-12,4,2
2020-09-12,5,10
2020-09-12,6,18
2020-09-12,7,53
2020-09-12,8,80
2020-09-12,9,76
2020-09-12,10,84
2020-09-12,11,104
2020-09-12,12,136
2020-09-12,13,136
2020-09-12,14,124
2020-09-12,15,127
2020-09-12,16,158
2020-09-12,17,163
2020-09-12,18,150
2020-09-12,19,145
2020-09-12,20,119
2020-09-12,21,133
2020-09-12,22,101
2020-09-12,23,40
2020-09-13,0,21
2020-09-13,1,21
2020-09-13,2,9
2020-09-13,3,3
2020-09-13,4,5
2020-09-13,5,5
2020-09-13,6,26
2020-09-13,7,49
2020-09-13,8,71
2020-09-13,9,101
2020-09-13,10,114
2020-09-13,11,100
2020-09-13,12,114
2020-09-13,13,123
2020-09-13,14,110
2020-09-13,15,101
2020-09-13,16,101
2020-09-13,17,106
2020-09-13,18,105
2020-09-13,19,88
2020-09-13,20,66
2020-09-13,21,72
2020-09-13,22,62
2020-09-13,23,26
2020-09-14,0,14
2020-09-14,1,0
2020-09-14,2,0
2020-09-14,3,0
2020-09-14,4,4
2020-09-14,5,15
2020-09-14,6,25
2020-09-14,7,61
2020-09-14,8,109
2020-09-14,9,92
2020-09-14,10,84
2020-09-14,11,80
2020-09-14,12,80
2020-09-14,13,55
2020-09-14,14,43
2020-09-14,15,37
2020-09-14,16,45
2020-09-14,17,45
2020-09-14,18,54
2020-09-14,19,62
2020-09-14,20,66
2020-09-14,21,57
2020-09-14,22,48
2020-09-14,23,18
2020-09-15,0,7
2020-09-15,1,3
2020-09-15,2,2
2020-09-15,3,1
2020-09-15,4,8
2020-09-15,5,14
2020-09-15,6,49
2020-09-15,7,97
2020-09-15,8,137
2020-09-15,9,105
2020-09-15,10,96
2020-09-15,11,92
2020-09-15,12,88
2020-09-15,13,84
2020-09-15,14,92
2020-09-15,15,76
2020-09-15,16,96
2020-09-15,17,96
2020-09-15,18,50
2020-09-15,19,61
2020-09-15,20,62
2020-09-15,21,62
2020-09-15,22,52
2020-09-15,23,28
2020-09-16,0,5
2020-09-16,1,2
2020-09-16,2,2
2020-09-16,3,8
2020-09-16,4,4
2020-09-16,5,16
2020-09-16,6,35
2020-09-16,7,80
2020-09-16,8,96
2020-09-16,9,88
2020-09-16,10,76
2020-09-16,11,88
2020-09-16,12,76
2020-09-16,13,70
2020-09-16,14,84
2020-09-16,15,88
2020-09-16,16,96
2020-09-16,17,92
2020-09-16,18,88
2020-09-16,19,80
2020-09-16,20,72
2020-09-16,21,62
2020-09-16,22,48
2020-09-16,23,19
2020-09-17,0,4
2020-09-17,1,3
2020-09-17,2,4
2020-09-17,3,3
2020-09-17,4,7
2020-09-17,5,16
2020-09-17,6,44
2020-09-17,7,88
2020-09-17,8,141
2020-09-17,9,164
2020-09-17,10,172
2020-09-17,11,117
2020-09-17,12,65
2020-09-17,13,100
2020-09-17,14,92
2020-09-17,15,96
2020-09-17,16,118
2020-09-17,17,118
2020-09-17,18,105
2020-09-17,19,76
2020-09-17,20,76
2020-09-17,21,75
2020-09-17,22,79
2020-09-17,23,15
2020-09-18,0,14
2020-09-18,1,0
2020-09-18,2,0
2020-09-18,3,0
2020-09-18,4,4
2020-09-18,5,18
2020-09-18,6,45
2020-09-18,7,106
2020-09-18,8,140
2020-09-18,9,120
2020-09-18,10,101
2020-09-18,11,123
2020-09-18,12,146
2020-09-18,13,136
2020-09-18,14,110
2020-09-18,15,114
2020-09-18,16,150
2020-09-18,17,138
2020-09-18,18,150
2020-09-18,19,136
2020-09-18,20,118
2020-09-18,21,131
2020-09-18,22,99
2020-09-18,23,55
2020-09-19,0,35
2020-09-19,1,16
2020-09-19,2,16
2020-09-19,3,4
2020-09-19,4,0
2020-09-19,5,11
2020-09-19,6,26
2020-09-19,7,53
2020-09-19,8,80
2020-09-19,9,80
2020-09-19,10,84
2020-09-19,11,114
2020-09-19,12,131
2020-09-19,13,124
2020-09-19,14,124
2020-09-19,15,124
2020-09-19,16,145
2020-09-19,17,155
2020-09-19,18,137
2020-09-19,19,140
2020-09-19,20,118
2020-09-19,21,128
2020-09-19,22,110
2020-09-19,23,33
2020-09-20,0,33
2020-09-20,1,9
2020-09-20,2,11
2020-09-20,3,2
2020-09-20,4,5
2020-09-20,5,10
2020-09-20,6,26
2020-09-20,7,44
2020-09-20,8,71
2020-09-20,9,92
2020-09-20,10,105
2020-09-20,11,105
2020-09-20,12,123
2020-09-20,13,123
2020-09-20,14,111
2020-09-20,15,96
2020-09-20,16,105
2020-09-20,17,118
2020-09-20,18,110
2020-09-20,19,84
2020-09-20,20,62
2020-09-20,21,67
2020-09-20,22,62
2020-09-20,23,16
2020-09-21,0,9
2020-09-21,1,1
2020-09-21,2,4
2020-09-21,3,6
2020-09-21,4,8
2020-09-21,5,21
2020-09-21,6,38
2020-09-21,7,84
2020-09-21,8,109
2020-09-21,9,96
2020-09-21,10,84
2020-09-21,11,76
2020-09-21,12,76
2020-09-21,13,51
2020-09-21,14,43
2020-09-21,15,35
2020-09-21,16,54
2020-09-21,17,83
2020-09-21,18,84
2020-09-21,19,66
2020-09-21,20,62
2020-09-21,21,57
2020-09-21,22,48
2020-09-21,23,16
2020-09-22,0,8
2020-09-22,1,1
2020-09-22,2,1
2020-09-22,3,3
2020-09-22,4,9
2020-09-22,5,11
2020-09-22,6,30
2020-09-22,7,52
2020-09-22,8,75
2020-09-22,9,55
2020-09-22,10,48
2020-09-22,11,59
2020-09-22,12,44
2020-09-22,13,66
2020-09-22,14,88
2020-09-22,15,80
2020-09-22,16,100
2020-09-22,17,96
2020-09-22,18,84
2020-09-22,19,80
2020-09-22,20,67
2020-09-22,21,57
2020-09-22,22,52
2020-09-22,23,21
2020-09-23,0,4
2020-09-23,1,4
2020-09-23,2,0
2020-09-23,3,0
2020-09-23,4,8
2020-09-23,5,23
2020-09-23,6,42
2020-09-23,7,80
2020-09-23,8,88
2020-09-23,9,88
2020-09-23,10,72
2020-09-23,11,80
2020-09-23,12,76
2020-09-23,13,71
2020-09-23,14,84
2020-09-23,15,92
2020-09-23,16,100
2020-09-23,17,84
2020-09-23,18,92
2020-09-23,19,75
2020-09-23,20,72
2020-09-23,21,57
2020-09-23,22,52
2020-09-23,23,17
2020-09-24,0,7
2020-09-24,1,0
2020-09-24,2,0
2020-09-24,3,0
2020-09-24,4,4
2020-09-24,5,16
2020-09-24,6,54
2020-09-24,7,84
2020-09-24,8,150
2020-09-24,9,142
2020-09-24,10,131
2020-09-24,11,124
2020-09-24,12,119
2020-09-24,13,104
2020-09-24,14,100
2020-09-24,15,95
2020-09-24,16,127
2020-09-24,17,109
2020-09-24,18,65
2020-09-24,19,88
2020-09-24,20,76
2020-09-24,21,71
2020-09-24,22,83
2020-09-24,23,33
2020-09-25,0,9
2020-09-25,12,132
2020-09-25,13,136
2020-09-25,14,114
2020-09-25,15,114
2020-09-25,16,153
2020-09-25,17,145
2020-09-25,18,142
2020-09-25,19,136
2020-09-25,20,79
2020-09-25,21,65
2020-09-25,22,32
2020-09-25,23,24
2020-09-26,0,12
2020-09-26,1,2
2020-09-26,2,1
2020-09-26,3,6
2020-09-26,4,4
2020-09-26,5,11
2020-09-26,6,24
2020-09-26,7,53
2020-09-26,8,80
2020-09-26,9,76
2020-09-26,10,84
2020-09-26,11,104
2020-09-26,12,136
2020-09-26,13,124
2020-09-26,14,123
2020-09-26,15,123
2020-09-26,16,151
2020-09-26,17,140
2020-09-26,18,123
2020-09-26,19,119
2020-09-26,20,118
2020-09-26,21,122
2020-09-26,22,95
2020-09-26,23,18
2020-09-27,0,26
2020-09-27,1,16
2020-09-27,2,16
2020-09-27,3,4
2020-09-27,4,3
2020-09-27,5,6
2020-09-27,6,25
2020-09-27,7,49
2020-09-27,8,71
2020-09-27,9,97
2020-09-27,10,110
2020-09-27,11,110
2020-09-27,12,127
2020-09-27,13,132
2020-09-27,14,124
2020-09-27,15,96
2020-09-27,16,105
2020-09-27,17,118
2020-09-27,18,86
2020-09-27,19,48
2020-09-27,20,61
2020-09-27,21,72
2020-09-27,22,62
2020-09-27,23,26
2020-09-28,0,3
2020-09-28,1,2
2020-09-28,2,2
2020-09-28,3,3
2020-09-28,4,8
2020-09-28,5,10
2020-09-28,6,31
2020-09-28,7,74
2020-09-28,8,100
2020-09-28,9,92
2020-09-28,10,80
2020-09-28,11,79
2020-09-28,12,75
2020-09-28,13,84
2020-09-28,14,67
2020-09-28,15,52
2020-09-28,16,88
2020-09-28,17,85
2020-09-28,18,88
2020-09-28,19,71
2020-09-28,20,62
2020-09-28,21,57
2020-09-28,22,34
2020-09-28,23,9
2020-09-29,0,2
2020-09-29,1,3
2020-09-29,2,4
2020-09-29,3,2
2020-09-29,4,4
2020-09-29,5,14
2020-09-29,6,28
2020-09-29,7,92
2020-09-29,8,104
2020-09-29,9,87
2020-09-29,10,88
2020-09-29,11,88
2020-09-29,12,92
2020-09-29,13,84
2020-09-29,14,92
2020-09-29,15,80
2020-09-29,16,100
2020-09-29,17,93
2020-09-29,18,76
2020-09-29,19,80
2020-09-29,20,67
2020-09-29,21,62
2020-09-29,22,51
2020-09-29,23,21
2020-09-30,0,1
2020-09-30,1,8
2020-09-30,2,0
2020-09-30,3,5
2020-09-30,4,10
2020-09-30,5,11
2020-09-30,6,28
2020-09-30,7,45
2020-09-30,8,70
2020-09-30,9,90
2020-09-30,10,72
2020-09-30,11,84
2020-09-30,12,80
2020-09-30,13,80
2020-09-30,14,88
2020-09-30,15,92
2020-09-30,16,105
2020-09-30,17,92
2020-09-30,18,88
2020-09-30,19,75
2020-09-30,20,72
2020-09-30,21,62
2020-09-30,22,48
2020-09-30,23,16
2020-10-01,0,2
2020-10-01,1,3
2020-10-01,2,3
2020-10-01,3,0
2020-10-01,4,12
2020-10-01,5,16
2020-10-01,6,29
2020-10-01,7,50
2020-10-01,8,69
2020-10-01,9,50
2020-10-01,10,51
2020-10-01,11,55
2020-10-01,12,55
2020-10-01,13,53
2020-10-01,14,57
2020-10-01,15,92
2020-10-01,16,119
2020-10-01,17,118
2020-10-01,18,93
2020-10-01,19,76
2020-10-01,20,80
2020-10-01,21,79
2020-10-01,22,79
2020-10-01,23,9
2020-10-02,0,4
2020-10-02,1,1
2020-10-02,2,1
2020-10-02,3,1
2020-10-02,4,8
2020-10-02,5,13
2020-10-02,6,30
2020-10-02,7,61
2020-10-02,8,70
2020-10-02,9,86
2020-10-02,10,96
2020-10-02,11,95
2020-10-02,12,59
2020-10-02,13,76
2020-10-02,14,61
2020-10-02,15,105
2020-10-02,16,146
2020-10-02,17,142
2020-10-02,18,142
2020-10-02,19,132
2020-10-02,20,104
2020-10-02,21,118
2020-10-02,22,87
2020-10-02,23,14
2020-10-03,0,5
2020-10-03,1,1
2020-10-03,2,2
2020-10-03,3,3
2020-10-03,4,7
2020-10-03,5,13
2020-10-03,6,26
2020-10-03,7,58
2020-10-03,8,71
2020-10-03,9,74
2020-10-03,10,88
2020-10-03,11,110
2020-10-03,12,136
2020-10-03,13,136
2020-10-03,14,132
2020-10-03,15,141
2020-10-03,16,159
2020-10-03,17,154
2020-10-03,18,146
2020-10-03,19,137
2020-10-03,20,123
2020-10-03,21,128
2020-10-03,22,102
2020-10-03,23,8
2020-10-04,0,7
2020-10-04,1,2
2020-10-04,2,5
2020-10-04,3,2
2020-10-04,4,5
2020-10-04,5,4
2020-10-04,6,21
2020-10-04,7,49
2020-10-04,8,71
2020-10-04,9,96
2020-10-04,10,105
2020-10-04,11,104
2020-10-04,12,132
2020-10-04,13,123
2020-10-04,14,115
2020-10-04,15,106
2020-10-04,16,106
2020-10-04,17,110
2020-10-04,18,101
2020-10-04,19,72
2020-10-04,20,61
2020-10-04,21,72
2020-10-04,22,62
2020-10-04,23,26
2020-10-05,0,3
2020-10-05,1,4
2020-10-05,2,3
2020-10-05,3,4
2020-10-05,4,3
2020-10-05,5,14
2020-10-05,6,36
2020-10-05,7,74
2020-10-05,8,110
2020-10-05,9,93
2020-10-05,10,76
2020-10-05,11,80
2020-10-05,12,71
2020-10-05,13,84
2020-10-05,14,57
2020-10-05,15,57
2020-10-05,16,92
2020-10-05,17,84
2020-10-05,18,88
2020-10-05,19,71
2020-10-05,20,62
2020-10-05,21,67
2020-10-05,22,48
2020-10-05,23,8
2020-10-06,0,1
2020-10-06,1,1
2020-10-06,2,4
2020-10-06,3,3
2020-10-06,4,6
2020-10-06,5,15
2020-10-06,6,40
2020-10-06,7,83
2020-10-06,8,114
2020-10-06,9,88
2020-10-06,10,88
2020-10-06,11,92
2020-10-06,12,88
2020-10-06,13,80
2020-10-06,14,92
2020-10-06,15,80
2020-10-06,16,92
2020-10-06,17,87
2020-10-06,18,79
2020-10-06,19,76
2020-10-06,20,62
2020-10-06,21,62
2020-10-06,22,48
2020-10-06,23,14
2020-10-07,0,4
2020-10-07,1,3
2020-10-07,2,6
2020-10-07,3,4
2020-10-07,4,5
2020-10-07,5,16
2020-10-07,6,40
2020-10-07,7,76
2020-10-07,8,92
2020-10-07,9,88
2020-10-07,10,76
2020-10-07,11,76
2020-10-07,12,80
2020-10-07,13,88
2020-10-07,14,88
2020-10-07,15,88
2020-10-07,16,105
2020-10-07,17,83
2020-10-07,18,88
2020-10-07,19,88
2020-10-07,20,77
2020-10-07,21,59
2020-10-07,22,52
2020-10-07,23,16
2020-10-08,0,8
2020-10-08,1,3
2020-10-08,2,2
2020-10-08,3,1
2020-10-08,4,9
2020-10-08,5,20
2020-10-08,6,24
2020-10-08,7,73
2020-10-08,8,123
2020-10-08,9,123
2020-10-08,10,119
2020-10-08,11,110
2020-10-08,12,109
2020-10-08,13,100
2020-10-08,14,62
2020-10-08,15,96
2020-10-08,16,127
2020-10-08,17,115
2020-10-08,18,114
2020-10-08,19,80
2020-10-08,20,76
2020-10-08,21,79
2020-10-08,22,75
2020-10-08,23,10
2020-10-09,0,1
2020-10-09,1,6
2020-10-09,2,3
2020-10-09,3,5
2020-10-09,4,4
2020-10-09,5,16
2020-10-09,6,44
2020-10-09,7,95
2020-10-09,8,122
2020-10-09,9,114
2020-10-09,10,105
2020-10-09,11,118
2020-10-09,12,129
2020-10-09,13,114
2020-10-09,14,106
2020-10-09,15,114
2020-10-09,16,155
2020-10-09,17,138
2020-10-09,18,123
2020-10-09,19,119
2020-10-09,20,96
2020-10-09,21,100
2020-10-09,22,75
2020-10-09,23,40
2020-10-10,0,7
2020-10-10,1,4
2020-10-10,2,0
2020-10-10,3,3
2020-10-10,4,2
2020-10-10,5,9
2020-10-10,6,26
2020-10-10,7,58
2020-10-10,8,71
2020-10-10,9,80
2020-10-10,10,84
2020-10-10,11,113
2020-10-10,12,123
2020-10-10,13,124
2020-10-10,14,114
2020-10-10,15,110
2020-10-10,16,137
2020-10-10,17,128
2020-10-10,18,119
2020-10-10,19,119
2020-10-10,20,101
2020-10-10,21,119
2020-10-10,22,97
2020-10-10,23,23
2020-10-11,0,5
2020-10-11,1,9
2020-10-11,2,12
2020-10-11,3,0
2020-10-11,4,0
2020-10-11,5,0
2020-10-11,6,31
2020-10-11,7,49
2020-10-11,8,83
2020-10-11,9,101
2020-10-11,10,105
2020-10-11,11,104
2020-10-11,12,127
2020-10-11,13,119
2020-10-11,14,96
2020-10-11,15,92
2020-10-11,16,93
2020-10-11,17,101
2020-10-11,18,97
2020-10-11,19,72
2020-10-11,20,57
2020-10-11,21,62
2020-10-11,22,57
2020-10-11,23,21
2020-10-12,0,4
2020-10-12,1,0
2020-10-12,2,0
2020-10-12,3,0
2020-10-12,4,4
2020-10-12,5,14
2020-10-12,6,34
2020-10-12,7,74
2020-10-12,8,105
2020-10-12,9,96
2020-10-12,10,80
2020-10-12,11,73
2020-10-12,12,74
2020-10-12,13,80
2020-10-12,14,58
2020-10-12,15,46
2020-10-12,16,39
2020-10-12,17,45
2020-10-12,18,31
2020-10-12,19,62
2020-10-12,20,62
2020-10-12,21,57
2020-10-12,22,48
2020-10-12,23,12
2020-10-13,0,0
2020-10-13,1,0
2020-10-13,2,0
2020-10-13,3,0
2020-10-13,4,4
2020-10-13,5,11
2020-10-13,6,40
2020-10-13,7,88
2020-10-13,8,119
2020-10-13,9,112
2020-10-13,10,55
2020-10-13,11,92
2020-10-13,12,96
2020-10-13,13,74
2020-10-13,14,96
2020-10-13,15,74
2020-10-13,16,54
2020-10-13,17,88
2020-10-13,18,76
2020-10-13,19,76
2020-10-13,20,59
2020-10-13,21,62
2020-10-13,22,50
2020-10-13,23,22
2020-10-14,0,4
2020-10-14,1,0
2020-10-14,2,0
2020-10-14,3,0
2020-10-14,4,8
2020-10-14,5,16
2020-10-14,6,40
2020-10-14,7,67
2020-10-14,8,88
2020-10-14,9,66
2020-10-14,10,72
2020-10-14,11,41
2020-10-14,12,52
2020-10-14,13,44
2020-10-14,14,49
2020-10-14,15,83
2020-10-14,16,100
2020-10-14,17,84
2020-10-14,18,80
2020-10-14,19,70
2020-10-14,20,67
2020-10-14,21,62
2020-10-14,22,48
2020-10-14,23,16
2020-10-15,0,5
2020-10-15,1,6
2020-10-15,2,0
2020-10-15,3,0
2020-10-15,4,4
2020-10-15,5,16
2020-10-15,6,40
2020-10-15,7,84
2020-10-15,8,127
2020-10-15,9,128
2020-10-15,10,119
2020-10-15,11,118
2020-10-15,12,109
2020-10-15,13,104
2020-10-15,14,88
2020-10-15,15,100
2020-10-15,16,123
2020-10-15,17,101
2020-10-15,18,92
2020-10-15,19,76
2020-10-15,20,72
2020-10-15,21,79
2020-10-15,22,71
2020-10-15,23,14
2020-10-16,0,5
2020-10-16,1,0
2020-10-16,2,2
2020-10-16,3,2
2020-10-16,4,2
2020-10-16,5,15
2020-10-16,6,40
2020-10-16,7,51
2020-10-16,8,46
2020-10-16,9,93
2020-10-16,10,85
2020-10-16,11,114
2020-10-16,12,128
2020-10-16,13,119
2020-10-16,14,101
2020-10-16,15,100
2020-10-16,16,136
2020-10-16,17,123
2020-10-16,18,127
2020-10-16,19,119
2020-10-16,20,96
2020-10-16,21,105
2020-10-16,22,79
2020-10-16,23,18
2020-10-17,0,8
2020-10-17,1,3
2020-10-17,2,3
2020-10-17,3,3
2020-10-17,4,2
2020-10-17,5,2
2020-10-17,6,26
2020-10-17,7,53
2020-10-17,8,74
2020-10-17,9,75
2020-10-17,10,92
2020-10-17,11,104
2020-10-17,12,125
2020-10-17,13,119
2020-10-17,14,119
2020-10-17,15,110
2020-10-17,16,137
2020-10-17,17,132
2020-10-17,18,119
2020-10-17,19,119
2020-10-17,20,109
2020-10-17,21,119
2020-10-17,22,97
2020-10-17,23,15
2020-10-18,0,9
2020-10-18,1,2
2020-10-18,2,1
2020-10-18,3,5
2020-10-18,4,2
2020-10-18,5,5
2020-10-18,6,26
2020-10-18,7,44
2020-10-18,8,71
2020-10-18,9,96
2020-10-18,10,114
2020-10-18,11,104
2020-10-18,12,130
2020-10-18,13,127
2020-10-18,14,110
2020-10-18,15,100
2020-10-18,16,92
2020-10-18,17,109
2020-10-18,18,101
2020-10-18,19,80
2020-10-18,20,57
2020-10-18,21,72
2020-10-18,22,57
2020-10-18,23,21
2020-10-19,0,1
2020-10-19,1,3
2020-10-19,2,1
2020-10-19,3,2
2020-10-19,4,5
2020-10-19,5,14
2020-10-19,6,23
2020-10-19,7,54
2020-10-19,8,73
2020-10-19,9,40
2020-10-19,10,46
2020-10-19,11,52
2020-10-19,12,38
2020-10-19,13,43
2020-10-19,14,43
2020-10-19,15,59
2020-10-19,16,34
2020-10-19,17,29
2020-10-19,18,36
2020-10-19,19,46
2020-10-19,20,57
2020-10-19,21,57
2020-10-19,22,48
2020-10-19,23,6
2020-10-20,0,2
2020-10-20,1,1
2020-10-20,2,1
2020-10-20,3,0
2020-10-20,4,3
2020-10-20,5,11
2020-10-20,6,25
2020-10-20,7,58
2020-10-20,8,48
2020-10-20,9,63
2020-10-20,10,66
2020-10-20,11,68
2020-10-20,12,49
2020-10-20,13,41
2020-10-20,14,52
2020-10-20,15,37
2020-10-20,16,49
2020-10-20,17,43
2020-10-20,18,29
2020-10-20,19,45
2020-10-20,20,62
2020-10-20,21,57
2020-10-20,22,52
2020-10-20,23,26
2020-10-21,0,2
2020-10-21,1,2
2020-10-21,2,4
2020-10-21,3,0
2020-10-21,4,8
2020-10-21,5,21
2020-10-21,6,34
2020-10-21,7,67
2020-10-21,8,88
2020-10-21,9,74
2020-10-21,10,54
2020-10-21,11,55
2020-10-21,12,49
2020-10-21,13,47
2020-10-21,14,55
2020-10-21,15,86
2020-10-21,16,100
2020-10-21,17,88
2020-10-21,18,84
2020-10-21,19,75
2020-10-21,20,72
2020-10-21,21,62
2020-10-21,22,48
2020-10-21,23,11
2020-10-22,0,2
2020-10-22,1,6
2020-10-22,2,1
2020-10-22,3,1
2020-10-22,4,4
2020-10-22,5,20
2020-10-22,6,40
2020-10-22,7,80
2020-10-22,8,128
2020-10-22,9,118
2020-10-22,10,110
2020-10-22,11,109
2020-10-22,12,105
2020-10-22,13,92
2020-10-22,14,80
2020-10-22,15,96
2020-10-22,16,115
2020-10-22,17,109
2020-10-22,18,92
2020-10-22,19,66
2020-10-22,20,72
2020-10-22,21,75
2020-10-22,22,79
2020-10-22,23,26
2020-10-23,0,0
2020-10-23,1,2
2020-10-23,2,1
2020-10-23,3,0
2020-10-23,4,5
2020-10-23,5,11
2020-10-23,6,21
2020-10-23,7,54
2020-10-23,8,65
2020-10-23,9,65
2020-10-23,10,62
2020-10-23,11,47
2020-10-23,12,59
2020-10-23,13,68
2020-10-23,14,71
2020-10-23,15,90
2020-10-23,16,144
2020-10-23,17,127
2020-10-23,18,142
2020-10-23,19,118
2020-10-23,20,100
2020-10-23,21,105
2020-10-23,22,87
2020-10-23,23,35
2020-10-24,0,7
2020-10-24,1,4
2020-10-24,2,1
2020-10-24,3,2
2020-10-24,4,3
2020-10-24,5,8
2020-10-24,6,24
2020-10-24,7,63
2020-10-24,8,75
2020-10-24,9,76
2020-10-24,10,88
2020-10-24,11,104
2020-10-24,12,127
2020-10-24,13,128
2020-10-24,14,120
2020-10-24,15,119
2020-10-24,16,142
2020-10-24,17,136
2020-10-24,18,128
2020-10-24,19,114
2020-10-24,20,105
2020-10-24,21,119
2020-10-24,22,106
2020-10-24,23,30
2020-10-25,0,7
2020-10-25,1,8
2020-10-25,2,3
2020-10-25,3,2
2020-10-25,4,1
2020-10-25,5,1
2020-10-25,6,7
2020-10-25,7,31
2020-10-25,8,49
2020-10-25,9,75
2020-10-25,10,96
2020-10-25,11,109
2020-10-25,12,104
2020-10-25,13,122
2020-10-25,14,119
2020-10-25,15,115
2020-10-25,16,96
2020-10-25,17,93
2020-10-25,18,101
2020-10-25,19,96
2020-10-25,20,76
2020-10-25,21,66
2020-10-25,22,72
2020-10-25,23,62
2020-10-26,0,26
2020-10-26,1,3
2020-10-26,2,3
2020-10-26,3,0
2020-10-26,4,1
2020-10-26,5,7
2020-10-26,6,10
2020-10-26,7,29
2020-10-26,8,66
2020-10-26,9,96
2020-10-26,10,84
2020-10-26,11,76
2020-10-26,12,76
2020-10-26,13,67
2020-10-26,14,76
2020-10-26,15,62
2020-10-26,16,52
2020-10-26,17,74
2020-10-26,18,62
2020-10-26,19,62
2020-10-26,20,62
2020-10-26,21,57
2020-10-26,22,57
2020-10-26,23,48
2020-10-27,0,12
2020-10-27,1,0
2020-10-27,2,0
2020-10-27,3,0
2020-10-27,4,0
2020-10-27,5,4
2020-10-27,6,12
2020-10-27,7,40
2020-10-27,8,84
2020-10-27,9,97
2020-10-27,10,110
2020-10-27,11,76
2020-10-27,12,84
2020-10-27,13,76
2020-10-27,14,80
2020-10-27,15,84
2020-10-27,16,72
2020-10-27,17,78
2020-10-27,18,84
2020-10-27,19,71
2020-10-27,20,71
2020-10-27,21,57
2020-10-27,22,67
2020-10-27,23,52
2020-10-28,0,26
2020-10-28,1,4
2020-10-28,2,0
2020-10-28,3,0
2020-10-28,4,0
2020-10-28,5,8
2020-10-28,6,14
2020-10-28,7,40
2020-10-28,8,76
2020-10-28,9,89
2020-10-28,10,84
2020-10-28,11,72
2020-10-28,12,67
2020-10-28,13,67
2020-10-28,14,67
2020-10-28,15,72
2020-10-28,16,88
2020-10-28,17,96
2020-10-28,18,84
2020-10-28,19,84
2020-10-28,20,75
2020-10-28,21,72
2020-10-28,22,57
2020-10-28,23,48
2020-10-29,0,16
2020-10-29,1,1
2020-10-29,2,1
2020-10-29,3,1
2020-10-29,4,2
2020-10-29,5,4
2020-10-29,6,18
2020-10-29,7,28
2020-10-29,8,58
2020-10-29,9,122
2020-10-29,10,123
2020-10-29,11,115
2020-10-29,12,105
2020-10-29,13,101
2020-10-29,14,96
2020-10-29,15,88
2020-10-29,16,96
2020-10-29,17,114
2020-10-29,18,113
2020-10-29,19,92
2020-10-29,20,80
2020-10-29,21,76
2020-10-29,22,79
2020-10-29,23,79
2020-10-30,0,26
2020-10-30,1,8
2020-10-30,2,0
2020-10-30,3,0
2020-10-30,4,0
2020-10-30,5,0
2020-10-30,6,13
2020-10-30,7,30
2020-10-30,8,70
2020-10-30,9,100
2020-10-30,10,96
2020-10-30,11,71
2020-10-30,12,100
2020-10-30,13,109
2020-10-30,14,110
2020-10-30,15,92
2020-10-30,16,111
2020-10-30,21,62
2020-10-30,22,105
2020-10-30,23,87
2020-10-31,0,26
2020-10-31,1,7
2020-10-31,2,1
2020-10-31,3,0
2020-10-31,4,2
2020-10-31,5,3
2020-10-31,6,12
2020-10-31,7,26
2020-10-31,8,58
2020-10-31,9,70
2020-10-31,10,80
2020-10-31,11,88
2020-10-31,12,104
2020-10-31,13,127
2020-10-31,14,128
2020-10-31,15,128
2020-10-31,16,120
2020-10-31,17,150
2020-10-31,18,136
2020-10-31,19,127
2020-10-31,20,119
2020-10-31,21,111
2020-10-31,22,119
2020-10-31,23,106
2020-11-01,0,7
2020-11-01,1,8
2020-11-01,2,4
2020-11-01,3,8
2020-11-01,4,2
2020-11-01,5,0
2020-11-01,6,4
2020-11-01,7,26
2020-11-01,8,49
2020-11-01,9,71
2020-11-01,10,96
2020-11-01,11,109
2020-11-01,12,100
2020-11-01,13,137
2020-11-01,14,123
2020-11-01,15,111
2020-11-01,16,96
2020-11-01,17,101
2020-11-01,18,101
2020-11-01,19,101
2020-11-01,20,76
2020-11-01,21,71
2020-11-01,22,67
2020-11-01,23,57
2020-11-02,0,26
2020-11-02,1,2
2020-11-02,2,2
2020-11-02,3,1
2020-11-02,4,3
2020-11-02,5,3
2020-11-02,6,8
2020-11-02,7,30
2020-11-02,8,71
2020-11-02,9,105
2020-11-02,10,83
2020-11-02,11,80
2020-11-02,12,76
2020-11-02,13,71
2020-11-02,14,75
2020-11-02,15,52
2020-11-02,16,52
2020-11-02,17,71
2020-11-02,18,63
2020-11-02,19,66
2020-11-02,20,66
2020-11-02,21,62
2020-11-02,22,57
2020-11-02,23,44
2020-11-03,0,11
2020-11-03,1,7
2020-11-03,2,2
2020-11-03,3,2
2020-11-03,4,0
2020-11-03,5,9
2020-11-03,6,15
2020-11-03,7,33
2020-11-03,8,45
2020-11-03,9,73
2020-11-03,10,50
2020-11-03,11,73
2020-11-03,12,80
2020-11-03,13,76
2020-11-03,14,57
2020-11-03,15,78
2020-11-03,16,72
2020-11-03,17,76
2020-11-03,18,71
2020-11-03,19,71
2020-11-03,20,67
2020-11-03,21,67
2020-11-03,22,57
2020-11-03,23,52
2020-11-04,0,26
2020-11-04,1,2
2020-11-04,2,0
2020-11-04,3,0
2020-11-04,4,1
2020-11-04,5,5
2020-11-04,6,14
2020-11-04,7,33
2020-11-04,8,52
2020-11-04,9,83
2020-11-04,10,84
2020-11-04,11,67
2020-11-04,12,67
2020-11-04,13,59
2020-11-04,14,67
2020-11-04,15,72
2020-11-04,16,92
2020-11-04,17,96
2020-11-04,18,84
2020-11-04,19,84
2020-11-04,20,70
2020-11-04,21,72
2020-11-04,22,62
2020-11-04,23,45
2020-11-05,0,11
2020-11-05,1,6
2020-11-05,2,2
2020-11-05,3,2
2020-11-05,4,1
2020-11-05,5,4
2020-11-05,6,15
2020-11-05,7,31
2020-11-05,8,76
2020-11-05,9,127
2020-11-05,10,123
2020-11-05,11,110
2020-11-05,12,114
2020-11-05,13,105
2020-11-05,14,72
2020-11-05,15,38
2020-11-05,16,48
2020-11-05,17,51
2020-11-05,18,36
2020-11-05,19,39
2020-11-05,20,49
2020-11-05,21,76
2020-11-05,22,84
2020-11-05,23,79
2020-11-06,0,9
2020-11-06,1,8
2020-11-06,2,3
2020-11-06,3,1
2020-11-06,4,1
2020-11-06,5,3
2020-11-06,6,12
2020-11-06,7,39
2020-11-06,8,72
2020-11-06,9,92
2020-11-06,10,92
2020-11-06,11,58
2020-11-06,12,75
2020-11-06,13,88
2020-11-06,14,110
2020-11-06,15,96
2020-11-06,16,86
2020-11-06,17,100
2020-11-06,18,130
2020-11-06,19,132
2020-11-06,20,119
2020-11-06,21,88
2020-11-06,22,109
2020-11-06,23,87
2020-11-07,0,24
2020-11-07,1,8
2020-11-07,2,5
2020-11-07,3,2
2020-11-07,4,5
2020-11-07,5,2
2020-11-07,6,17
2020-11-07,7,24
2020-11-07,8,63
2020-11-07,9,75
2020-11-07,10,80
2020-11-07,11,79
2020-11-07,12,64
2020-11-07,13,98
2020-11-07,14,127
2020-11-07,15,124
2020-11-07,16,114
2020-11-07,17,145
2020-11-07,18,128
2020-11-07,19,118
2020-11-07,20,114
2020-11-07,21,105
2020-11-07,22,115
2020-11-07,23,102
2020-11-08,0,26
2020-11-08,1,16
2020-11-08,2,5
2020-11-08,3,5
2020-11-08,4,3
2020-11-08,5,4
2020-11-08,6,11
2020-11-08,7,21
2020-11-08,8,44
2020-11-08,9,66
2020-11-08,10,92
2020-11-08,11,105
2020-11-08,12,105
2020-11-08,13,118
2020-11-08,14,123
2020-11-08,15,115
2020-11-08,16,96
2020-11-08,17,96
2020-11-08,18,101
2020-11-08,19,101
2020-11-08,20,72
2020-11-08,21,57
2020-11-08,22,72
2020-11-08,23,62
2020-11-09,0,26
2020-11-09,1,3
2020-11-09,2,1
2020-11-09,3,1
2020-11-09,4,3
2020-11-09,5,2
2020-11-09,6,7
2020-11-09,7,28
2020-11-09,8,59
2020-11-09,9,96
2020-11-09,10,80
2020-11-09,11,72
2020-11-09,12,76
2020-11-09,13,71
2020-11-09,14,71
2020-11-09,15,52
2020-11-09,16,52
2020-11-09,17,71
2020-11-09,18,72
2020-11-09,19,62
2020-11-09,20,62
2020-11-09,21,57
2020-11-09,22,57
2020-11-09,23,48
2020-11-10,0,8
2020-11-10,1,2
2020-11-10,2,1
2020-11-10,3,0
2020-11-10,4,2
2020-11-10,5,4
2020-11-10,6,12
2020-11-10,7,40
2020-11-10,8,76
2020-11-10,9,84
2020-11-10,10,102
2020-11-10,11,76
2020-11-10,12,84
2020-11-10,13,80
2020-11-10,14,75
2020-11-10,15,58
2020-11-10,16,71
2020-11-10,17,71
2020-11-10,18,80
2020-11-10,19,62
2020-11-10,20,71
2020-11-10,21,62
2020-11-10,22,62
2020-11-10,23,52
2020-11-11,0,26
2020-11-11,1,3
2020-11-11,2,2
2020-11-11,3,0
2020-11-11,4,2
2020-11-11,5,1
2020-11-11,6,15
2020-11-11,7,44
2020-11-11,8,42
2020-11-11,9,92
2020-11-11,10,62
2020-11-11,11,72
2020-11-11,12,76
2020-11-11,13,67
2020-11-11,14,67
2020-11-11,15,74
2020-11-11,16,39
2020-11-11,17,53
2020-11-11,18,45
2020-11-11,19,55
2020-11-11,20,70
2020-11-11,21,72
2020-11-11,22,62
2020-11-11,23,48
2020-11-12,0,12
2020-11-12,1,3
2020-11-12,2,1
2020-11-12,3,0
2020-11-12,4,0
2020-11-12,5,4
2020-11-12,6,16
2020-11-12,7,35
2020-11-12,8,80
2020-11-12,9,123
2020-11-12,10,113
2020-11-12,11,110
2020-11-12,12,104
2020-11-12,13,101
2020-11-12,14,95
2020-11-12,15,80
2020-11-12,16,84
2020-11-12,17,105
2020-11-12,18,92
2020-11-12,19,76
2020-11-12,20,67
2020-11-12,21,76
2020-11-12,22,79
2020-11-12,23,79
2020-11-13,0,21
2020-11-13,1,4
2020-11-13,2,0
2020-11-13,3,0
2020-11-13,4,0
2020-11-13,5,4
2020-11-13,6,19
2020-11-13,7,28
2020-11-13,8,76
2020-11-13,9,96
2020-11-13,10,92
2020-11-13,11,84
2020-11-13,12,88
2020-11-13,13,104
2020-11-13,14,102
2020-11-13,15,83
2020-11-13,16,101
2020-11-13,17,140
2020-11-13,18,127
2020-11-13,19,127
2020-11-13,20,114
2020-11-13,21,88
2020-11-13,22,114
2020-11-13,23,87
2020-11-14,0,30
2020-11-14,1,3
2020-11-14,2,3
2020-11-14,3,0
2020-11-14,4,6
2020-11-14,5,3
2020-11-14,6,12
2020-11-14,7,26
2020-11-14,8,58
2020-11-14,9,75
2020-11-14,10,80
2020-11-14,11,80
2020-11-14,12,96
2020-11-14,13,132
2020-11-14,14,128
2020-11-14,15,86
2020-11-14,16,65
2020-11-14,17,54
2020-11-14,18,59
2020-11-14,19,37
2020-11-14,20,49
2020-11-14,21,101
2020-11-14,22,119
2020-11-14,23,110
2020-11-15,0,23
2020-11-15,1,8
2020-11-15,2,4
2020-11-15,3,3
2020-11-15,4,1
2020-11-15,5,4
2020-11-15,6,7
2020-11-15,7,21
2020-11-15,8,44
2020-11-15,9,71
2020-11-15,10,96
2020-11-15,11,110
2020-11-15,12,105
2020-11-15,13,132
2020-11-15,14,128
2020-11-15,15,103
2020-11-15,16,88
2020-11-15,17,100
2020-11-15,18,101
2020-11-15,19,96
2020-11-15,20,66
2020-11-15,21,61
2020-11-15,22,72
2020-11-15,23,62
2020-11-16,0,14
2020-11-16,1,3
2020-11-16,2,0
2020-11-16,3,1
2020-11-16,4,1
2020-11-16,5,4
2020-11-16,6,12
2020-11-16,7,35
2020-11-16,8,54
2020-11-16,9,77
2020-11-16,10,52
2020-11-16,11,48
2020-11-16,12,45
2020-11-16,13,54
2020-11-16,14,75
2020-11-16,15,52
2020-11-16,16,52
2020-11-16,17,67
2020-11-16,18,62
2020-11-16,19,67
2020-11-16,20,62
2020-11-16,21,62
2020-11-16,22,62
2020-11-16,23,48
2020-11-17,0,8
2020-11-17,1,0
2020-11-17,2,2
2020-11-17,3,4
2020-11-17,12,66
2020-11-17,13,66
2020-11-17,14,59
2020-11-17,15,57
2020-11-17,16,61
2020-11-17,17,62
2020-11-17,18,69
2020-11-17,19,43
2020-11-17,20,42
2020-11-17,21,62
2020-11-17,22,67
2020-11-17,23,52
2020-11-18,0,18
2020-11-18,1,2
2020-11-18,2,1
2020-11-18,3,0
2020-11-18,4,0
2020-11-18,5,3
2020-11-18,6,11
2020-11-18,7,25
2020-11-18,8,55
2020-11-18,9,92
2020-11-18,10,84
2020-11-18,11,72
2020-11-18,12,80
2020-11-18,13,72
2020-11-18,14,72
2020-11-18,15,76
2020-11-18,16,80
2020-11-18,17,88
2020-11-18,18,76
2020-11-18,19,76
2020-11-18,20,70
2020-11-18,21,72
2020-11-18,22,62
2020-11-18,23,52
2020-11-19,0,12
2020-11-19,1,0
2020-11-19,2,0
2020-11-19,3,2
2020-11-19,4,6
2020-11-19,5,5
2020-11-19,6,12
2020-11-19,7,32
2020-11-19,8,80
2020-11-19,9,123
2020-11-19,10,128
2020-11-19,11,123
2020-11-19,12,118
2020-11-19,13,100
2020-11-19,14,100
2020-11-19,15,88
2020-11-19,16,92
2020-11-19,17,114
2020-11-19,18,100
2020-11-19,19,80
2020-11-19,20,75
2020-11-19,21,76
2020-11-19,22,71
2020-11-19,23,79
2020-11-20,0,21
2020-11-20,1,4
2020-11-20,2,0
2020-11-20,3,0
2020-11-20,4,0
2020-11-20,5,6
2020-11-20,6,14
2020-11-20,7,32
2020-11-20,8,75
2020-11-20,9,100
2020-11-20,10,96
2020-11-20,11,93
2020-11-20,12,70
2020-11-20,13,109
2020-11-20,14,114
2020-11-20,15,99
2020-11-20,16,118
2020-11-20,17,146
2020-11-20,18,132
2020-11-20,19,128
2020-11-20,20,114
2020-11-20,21,92
2020-11-20,22,96
2020-11-20,23,83
2020-11-21,0,30
2020-11-21,1,12
2020-11-21,2,0
2020-11-21,3,2
2020-11-21,4,1
2020-11-21,5,4
2020-11-21,6,4
2020-11-21,7,26
2020-11-21,8,53
2020-11-21,9,79
2020-11-21,10,76
2020-11-21,11,79
2020-11-21,12,92
2020-11-21,13,119
2020-11-21,14,110
2020-11-21,15,100
2020-11-21,16,105
2020-11-21,17,119
2020-11-21,18,109
2020-11-21,19,105
2020-11-21,20,105
2020-11-21,21,114
2020-11-21,22,119
2020-11-21,23,106
2020-11-22,0,26
2020-11-22,1,16
2020-11-22,2,0
2020-11-22,3,0
2020-11-22,4,0
2020-11-22,5,0
2020-11-22,6,7
2020-11-22,7,26
2020-11-22,8,49
2020-11-22,9,71
2020-11-22,10,88
2020-11-22,11,100
2020-11-22,12,92
2020-11-22,13,123
2020-11-22,14,123
2020-11-22,15,105
2020-11-22,16,84
2020-11-22,17,88
2020-11-22,18,101
2020-11-22,19,96
2020-11-22,20,76
2020-11-22,21,66
2020-11-22,22,72
2020-11-22,23,62
2020-11-23,0,20
2020-11-23,1,1
2020-11-23,2,1
2020-11-23,3,1
2020-11-23,4,0
2020-11-23,5,6
2020-11-23,6,8
2020-11-23,7,27
2020-11-23,8,57
2020-11-23,9,88
2020-11-23,10,71
2020-11-23,11,66
2020-11-23,12,57
2020-11-23,13,67
2020-11-23,14,67
2020-11-23,15,52
2020-11-23,16,52
2020-11-23,17,67
2020-11-23,18,62
2020-11-23,19,67
2020-11-23,20,57
2020-11-23,21,61
2020-11-23,22,57
2020-11-23,23,44
2020-11-24,0,12
2020-11-24,1,1
2020-11-24,2,2
2020-11-24,3,1
2020-11-24,4,2
2020-11-24,5,5
2020-11-24,6,18
2020-11-24,7,36
2020-11-24,8,62
2020-11-24,9,84
2020-11-24,10,88
2020-11-24,11,67
2020-11-24,12,84
2020-11-24,13,71
2020-11-24,14,67
2020-11-24,15,72
2020-11-24,16,67
2020-11-24,17,71
2020-11-24,18,70
2020-11-24,19,67
2020-11-24,20,67
2020-11-24,21,60
2020-11-24,22,62
2020-11-24,23,52
2020-11-25,0,26
2020-11-25,1,1
2020-11-25,2,2
2020-11-25,3,0
2020-11-25,4,0
2020-11-25,5,0
2020-11-25,6,12
2020-11-25,7,26
2020-11-25,8,62
2020-11-25,9,84
2020-11-25,10,76
2020-11-25,11,72
2020-11-25,12,67
2020-11-25,13,62
2020-11-25,14,62
2020-11-25,15,72
2020-11-25,16,76
2020-11-25,17,80
2020-11-25,18,72
2020-11-25,19,76
2020-11-25,20,74
2020-11-25,21,72
2020-11-25,22,62
2020-11-25,23,48
2020-11-26,0,11
2020-11-26,1,0
2020-11-26,2,3
2020-11-26,3,0
2020-11-26,4,1
2020-11-26,5,4
2020-11-26,6,12
2020-11-26,7,35
2020-11-26,8,71
2020-11-26,9,123
2020-11-26,10,109
2020-11-26,11,98
2020-11-26,12,39
2020-11-26,13,35
2020-11-26,14,35
2020-11-26,15,67
2020-11-26,16,76
2020-11-26,17,96
2020-11-26,18,92
2020-11-26,19,84
2020-11-26,20,71
2020-11-26,21,76
2020-11-26,22,84
2020-11-26,23,79
2020-11-27,0,21
2020-11-27,1,4
2020-11-27,2,0
2020-11-27,3,0
2020-11-27,4,0
2020-11-27,5,4
2020-11-27,6,9
2020-11-27,7,17
2020-11-27,8,47
2020-11-27,9,53
2020-11-27,10,53
2020-11-27,11,79
2020-11-27,12,92
2020-11-27,13,92
2020-11-27,14,96
2020-11-27,15,88
2020-11-27,16,101
2020-11-27,17,136
2020-11-27,18,132
2020-11-27,19,142
2020-11-27,20,126
2020-11-27,21,92
2020-11-27,22,114
2020-11-27,23,87
2020-11-28,0,30
2020-11-28,1,6
2020-11-28,2,2
2020-11-28,3,1
2020-11-28,4,1
2020-11-28,5,2
2020-11-28,6,6
2020-11-28,7,24
2020-11-28,8,53
2020-11-28,9,75
2020-11-28,10,80
2020-11-28,11,80
2020-11-28,12,96
2020-11-28,13,123
2020-11-28,14,119
2020-11-28,15,109
2020-11-28,16,100
2020-11-28,17,131
2020-11-28,18,119
2020-11-28,19,54
2020-11-28,20,58
2020-11-28,21,114
2020-11-28,22,119
2020-11-28,23,115
2020-11-29,0,26
2020-11-29,1,2
2020-11-29,2,3
2020-11-29,3,4
2020-11-29,4,4
2020-11-29,5,2
2020-11-29,6,10
2020-11-29,7,26
2020-11-29,8,44
2020-11-29,9,71
2020-11-29,10,96
2020-11-29,11,109
2020-11-29,12,105
2020-11-29,13,127
2020-11-29,14,127
2020-11-29,15,111
2020-11-29,16,96
2020-11-29,17,101
2020-11-29,18,101
2020-11-29,19,101
2020-11-29,20,76
2020-11-29,21,66
2020-11-29,22,72
2020-11-29,23,62
2020-11-30,0,26
2020-11-30,1,0
2020-11-30,2,0
2020-11-30,3,0
2020-11-30,4,0
2020-11-30,5,4
2020-11-30,6,12
2020-11-30,7,26
2020-11-30,8,61
2020-11-30,9,92
2020-11-30,10,76
2020-11-30,11,67
2020-11-30,12,72
2020-11-30,13,67
2020-11-30,14,76
2020-11-30,15,57
2020-11-30,16,52
2020-11-30,17,71
2020-11-30,18,71
2020-11-30,19,67
2020-11-30,20,62
2020-11-30,21,62
2020-11-30,22,57
2020-11-30,23,40
2020-12-01,0,2
2020-12-01,1,4
2020-12-01,2,1
2020-12-01,3,2
2020-12-01,4,6
2020-12-01,5,4
2020-12-01,6,11
2020-12-01,7,28
2020-12-01,8,67
2020-12-01,9,89
2020-12-01,10,88
2020-12-01,11,61
2020-12-01,12,28
2020-12-01,13,47
2020-12-01,14,56
2020-12-01,15,73
2020-12-01,16,72
2020-12-01,17,71
2020-12-01,18,84
2020-12-01,19,67
2020-12-01,20,62
2020-12-01,21,62
2020-12-01,22,57
2020-12-01,23,52
2020-12-02,0,22
2020-12-02,1,5
2020-12-02,2,0
2020-12-02,3,0
2020-12-02,4,1
2020-12-02,5,8
2020-12-02,6,13
2020-12-02,7,31
2020-12-02,8,62
2020-12-02,9,91
2020-12-02,10,76
2020-12-02,11,72
2020-12-02,12,67
2020-12-02,13,62
2020-12-02,14,67
2020-12-02,15,72
2020-12-02,16,72
2020-12-02,17,92
2020-12-02,18,76
2020-12-02,19,80
2020-12-02,20,75
2020-12-02,21,72
2020-12-02,22,62
2020-12-02,23,52
2020-12-03,0,15
2020-12-03,1,2
2020-12-03,2,2
2020-12-03,3,1
2020-12-03,4,1
2020-12-03,5,6
2020-12-03,6,15
2020-12-03,7,28
2020-12-03,8,76
2020-12-03,9,128
2020-12-03,10,128
2020-12-03,11,119
2020-12-03,12,96
2020-12-03,13,89
2020-12-03,14,84
2020-12-03,15,76
2020-12-03,16,80
2020-12-03,17,100
2020-12-03,18,96
2020-12-03,19,80
2020-12-03,20,67
2020-12-03,21,76
2020-12-03,22,84
2020-12-03,23,79
2020-12-04,0,21
2020-12-04,1,4
2020-12-04,2,0
2020-12-04,3,0
2020-12-04,4,0
2020-12-04,5,4
2020-12-04,6,16
2020-12-04,7,33
2020-12-04,8,72
2020-12-04,9,88
2020-12-04,10,78
2020-12-04,11,79
2020-12-04,12,96
2020-12-04,13,92
2020-12-04,14,110
2020-12-04,15,84
2020-12-04,16,100
2020-12-04,17,124
2020-12-04,18,127
2020-12-04,19,151
2020-12-04,20,119
2020-12-04,21,88
2020-12-04,22,110
2020-12-04,23,83
2020-12-05,0,29
2020-12-05,1,2
2020-12-05,2,2
2020-12-05,3,1
2020-12-05,4,3
2020-12-05,5,1
2020-12-05,6,10
2020-12-05,7,26
2020-12-05,8,53
2020-12-05,9,88
2020-12-05,11,88
2020-12-05,12,88
2020-12-05,13,119
2020-12-05,14,109
2020-12-05,15,100
2020-12-05,16,96
2020-12-05,17,114
2020-12-05,18,124
2020-12-05,19,93
2020-12-05,20,92
2020-12-05,21,128
2020-12-05,22,154
2020-12-05,23,110
2020-12-06,0,24
2020-12-06,1,4
2020-12-06,2,6
2020-12-06,3,3
2020-12-06,4,2
2020-12-06,5,1
2020-12-06,6,7
2020-12-06,7,26
2020-12-06,8,49
2020-12-06,9,71
2020-12-06,10,92
2020-12-06,11,105
2020-12-06,12,104
2020-12-06,13,132
2020-12-06,14,122
2020-12-06,15,84
2020-12-06,16,96
2020-12-06,17,97
2020-12-06,18,99
2020-12-06,19,101
2020-12-06,20,76
2020-12-06,21,66
2020-12-06,22,72
2020-12-06,23,62
2020-12-07,0,26
2020-12-07,1,3
2020-12-07,2,2
2020-12-07,3,5
2020-12-07,4,1
2020-12-07,5,4
2020-12-07,6,15
2020-12-07,7,14
2020-12-07,8,44
2020-12-07,9,69
2020-12-07,10,43
2020-12-07,11,45
2020-12-07,12,44
2020-12-07,13,42
2020-12-07,14,39
2020-12-07,15,44
2020-12-07,16,32
2020-12-07,17,39
2020-12-07,18,62
2020-12-07,19,66
2020-12-07,20,62
2020-12-07,21,62
2020-12-07,22,62
2020-12-07,23,48
2020-12-08,0,8
2020-12-08,1,5
2020-12-08,2,1
2020-12-08,3,4
2020-12-08,4,1
2020-12-08,5,6
2020-12-08,6,15
2020-12-08,7,24
2020-12-08,8,67
2020-12-08,9,88
2020-12-08,10,88
2020-12-08,11,71
2020-12-08,12,72
2020-12-08,13,71
2020-12-08,14,75
2020-12-08,15,80
2020-12-08,16,72
2020-12-08,17,71
2020-12-08,18,75
2020-12-08,19,67
2020-12-08,20,49
2020-12-08,21,62
2020-12-08,22,67
2020-12-08,23,52
2020-12-09,0,22
2020-12-09,1,5
2020-12-09,2,2
2020-12-09,3,6
2020-12-09,4,0
2020-12-09,5,5
2020-12-09,6,8
2020-12-09,7,20
2020-12-09,8,41
2020-12-09,9,74
2020-12-09,10,71
2020-12-09,11,72
2020-12-09,12,62
2020-12-09,13,55
2020-12-09,14,62
2020-12-09,15,70
2020-12-09,16,91
2020-12-09,17,84
2020-12-09,18,72
2020-12-09,19,80
2020-12-09,20,75
2020-12-09,21,72
2020-12-09,22,62
2020-12-09,23,52
2020-12-10,0,12
2020-12-10,1,0
2020-12-10,2,0
2020-12-10,3,4
2020-12-10,4,1
2020-12-10,5,11
2020-12-10,6,12
2020-12-10,7,30
2020-12-10,8,80
2020-12-10,9,123
2020-12-10,10,114
2020-12-10,11,115
2020-12-10,12,92
2020-12-10,13,88
2020-12-10,14,80
2020-12-10,15,76
2020-12-10,16,84
2020-12-10,17,100
2020-12-10,18,92
2020-12-10,19,84
2020-12-10,20,71
2020-12-10,21,80
2020-12-10,22,84
2020-12-10,23,79
2020-12-11,0,26
2020-12-11,1,3
2020-12-11,2,4
2020-12-11,3,3
2020-12-11,4,5
2020-12-11,5,5
2020-12-11,6,10
2020-12-11,7,31
2020-12-11,8,72
2020-12-11,9,92
2020-12-11,10,88
2020-12-11,11,84
2020-12-11,12,96
2020-12-11,13,104
2020-12-11,14,106
2020-12-11,15,92
2020-12-11,16,106
2020-12-11,17,145
2020-12-11,18,136
2020-12-11,19,142
2020-12-11,20,124
2020-12-11,21,92
2020-12-11,22,105
2020-12-11,23,83
2020-12-12,0,27
2020-12-12,1,3
2020-12-12,2,2
2020-12-12,3,6
2020-12-12,4,2
2020-12-12,5,4
2020-12-12,6,8
2020-12-12,7,26
2020-12-12,8,63
2020-12-12,9,75
2020-12-12,10,80
2020-12-12,11,87
2020-12-12,12,104
2020-12-12,13,136
2020-12-12,14,127
2020-12-12,15,124
2020-12-12,16,118
2020-12-12,17,151
2020-12-12,18,127
2020-12-12,19,97
2020-12-12,20,96
2020-12-12,21,118
2020-12-12,22,119
2020-12-12,23,111
2020-12-13,0,26
2020-12-13,1,16
2020-12-13,2,4
2020-12-13,3,1
2020-12-13,4,4
2020-12-13,5,1
2020-12-13,6,6
2020-12-13,7,26
2020-12-13,8,42
2020-12-13,9,75
2020-12-13,10,97
2020-12-13,11,115
2020-12-13,12,104
2020-12-13,13,137
2020-12-13,14,132
2020-12-13,15,115
2020-12-13,16,110
2020-12-13,17,101
2020-12-13,18,35
2020-12-13,19,42
2020-12-13,20,76
2020-12-13,21,61
2020-12-13,22,62
2020-12-13,23,52
2020-12-14,0,30
2020-12-14,1,2
2020-12-14,2,3
2020-12-14,3,0
2020-12-14,4,1
2020-12-14,5,1
2020-12-14,6,12
2020-12-14,7,28
2020-12-14,8,60
2020-12-14,9,92
2020-12-14,10,57
2020-12-14,11,57
2020-12-14,12,67
2020-12-14,13,69
2020-12-14,14,60
2020-12-14,15,62
2020-12-14,16,52
2020-12-14,17,69
2020-12-14,18,75
2020-12-14,19,67
2020-12-14,20,67
2020-12-14,21,67
2020-12-14,22,62
2020-12-14,23,48
2020-12-15,0,9
2020-12-15,1,3
2020-12-15,2,1
2020-12-15,3,4
2020-12-15,4,0
2020-12-15,5,0
2020-12-15,6,12
2020-12-15,7,26
2020-12-15,8,76
2020-12-15,9,97
2020-12-15,10,97
2020-12-15,11,72
2020-12-15,12,80
2020-12-15,13,84
2020-12-15,14,75
2020-12-15,15,80
2020-12-15,16,72
2020-12-15,17,53
2020-12-15,18,69
2020-12-15,19,76
2020-12-15,20,67
2020-12-15,21,67
2020-12-15,22,67
2020-12-15,23,52
2020-12-16,0,28
2020-12-16,1,0
2020-12-16,2,2
2020-12-16,3,4
2020-12-16,4,0
2020-12-16,5,8
2020-12-16,6,10
2020-12-16,7,26
2020-12-16,8,57
2020-12-16,9,92
2020-12-16,10,80
2020-12-16,11,72
2020-12-16,12,79
2020-12-16,13,75
2020-12-16,14,76
2020-12-16,15,88
2020-12-16,16,84
2020-12-16,17,99
2020-12-16,18,51
2020-12-16,19,77
2020-12-16,20,79
2020-12-16,21,72
2020-12-16,22,62
2020-12-16,23,52
2020-12-17,0,15
2020-12-17,1,4
2020-12-17,2,1
2020-12-17,3,0
2020-12-17,4,0
2020-12-17,5,4
2020-12-17,6,12
2020-12-17,7,30
2020-12-17,8,84
2020-12-17,9,128
2020-12-17,10,133
2020-12-17,11,123
2020-12-17,12,87
2020-12-17,13,55
2020-12-17,14,87
2020-12-17,15,80
2020-12-17,16,92
2020-12-17,17,118
2020-12-17,18,105
2020-12-17,19,88
2020-12-17,20,80
2020-12-17,21,76
2020-12-17,22,84
2020-12-17,23,75
2020-12-18,0,14
2020-12-18,1,7
2020-12-18,2,5
2020-12-18,3,2
2020-12-18,4,0
2020-12-18,5,4
2020-12-18,6,10
2020-12-18,7,32
2020-12-18,8,71
2020-12-18,9,88
2020-12-18,10,106
2020-12-18,11,88
2020-12-18,12,109
2020-12-18,13,104
2020-12-18,14,118
2020-12-18,15,96
2020-12-18,16,118
2020-12-18,17,146
2020-12-18,18,146
2020-12-18,19,150
2020-12-18,20,132
2020-12-18,21,88
2020-12-18,22,114
2020-12-18,23,92
2020-12-19,0,25
2020-12-19,1,8
2020-12-19,2,3
2020-12-19,3,6
2020-12-19,4,4
2020-12-19,5,9
2020-12-19,6,10
2020-12-19,7,24
2020-12-19,8,63
2020-12-19,9,75
2020-12-19,10,84
2020-12-19,11,92
2020-12-19,12,100
2020-12-19,13,127
2020-12-19,14,128
2020-12-19,15,132
2020-12-19,16,132
2020-12-19,17,141
2020-12-19,18,132
2020-12-19,19,101
2020-12-19,20,96
2020-12-19,21,114
2020-12-19,22,114
2020-12-19,23,106
2020-12-20,0,26
2020-12-20,1,5
2020-12-20,2,6
2020-12-20,3,0
2020-12-20,4,0
2020-12-20,5,0
2020-12-20,6,8
2020-12-20,7,26
2020-12-20,8,44
2020-12-20,9,75
2020-12-20,10,96
2020-12-20,11,105
2020-12-20,12,115
2020-12-20,13,137
2020-12-20,14,128
2020-12-20,15,115
2020-12-20,16,105
2020-12-20,17,105
2020-12-20,18,101
2020-12-20,19,92
2020-12-20,20,80
2020-12-20,21,71
2020-12-20,22,72
2020-12-20,23,62
2020-12-21,0,26
2020-12-21,1,0
2020-12-21,2,1
2020-12-21,3,1
2020-12-21,4,1
2020-12-21,5,6
2020-12-21,6,11
2020-12-21,7,35
2020-12-21,8,56
2020-12-21,9,64
2020-12-21,10,62
2020-12-21,11,80
2020-12-21,12,80
2020-12-21,13,77
2020-12-21,14,68
2020-12-21,15,67
2020-12-21,16,52
2020-12-21,17,71
2020-12-21,18,71
2020-12-21,19,67
2020-12-21,20,66
2020-12-21,21,66
2020-12-21,22,57
2020-12-21,23,48
2020-12-22,0,12
2020-12-22,1,0
2020-12-22,2,0
2020-12-22,3,0
2020-12-22,4,0
2020-12-22,5,0
2020-12-22,6,12
2020-12-22,7,30
2020-12-22,8,79
2020-12-22,9,97
2020-12-22,10,93
2020-12-22,11,80
2020-12-22,12,80
2020-12-22,13,80
2020-12-22,14,79
2020-12-22,15,88
2020-12-22,16,72
2020-12-22,17,79
2020-12-22,18,84
2020-12-22,19,67
2020-12-22,20,71
2020-12-22,21,62
2020-12-22,22,62
2020-12-22,23,57
2020-12-23,0,26
2020-12-23,1,0
2020-12-23,2,0
2020-12-23,3,0
2020-12-23,4,0
2020-12-23,5,4
2020-12-23,6,13
2020-12-23,7,20
2020-12-23,8,50
2020-12-23,9,69
2020-12-23,10,67
2020-12-23,11,56
2020-12-23,12,75
2020-12-23,13,71
2020-12-23,14,84
2020-12-23,15,84
2020-12-23,16,88
2020-12-23,17,98
2020-12-23,18,69
2020-12-23,19,84
2020-12-23,20,92
2020-12-23,21,80
2020-12-23,22,62
2020-12-23,23,52
2020-12-24,0,13
2020-12-24,1,2
2020-12-24,2,5
2020-12-24,3,2
2020-12-24,4,1
2020-12-24,5,6
2020-12-24,6,16
2020-12-24,7,27
2020-12-24,8,63
2020-12-24,9,76
2020-12-24,10,75
2020-12-24,11,119
2020-12-24,12,101
2020-12-24,13,84
2020-12-24,14,65
2020-12-24,15,80
2020-12-24,16,88
2020-12-24,17,66
2020-12-24,18,38
2020-12-24,19,60
2020-12-24,20,71
2020-12-24,21,76
2020-12-24,22,84
2020-12-24,23,79
2020-12-25,0,12
2020-12-25,1,0
2020-12-25,2,0
2020-12-25,3,0
2020-12-25,4,0
2020-12-25,5,0
2020-12-25,6,8
2020-12-25,7,30
2020-12-25,8,71
2020-12-25,9,92
2020-12-25,10,88
2020-12-25,11,88
2020-12-25,12,100
2020-12-25,13,104
2020-12-25,14,106
2020-12-25,15,96
2020-12-25,16,109
2020-12-25,17,146
2020-12-25,18,141
2020-12-25,19,142
2020-12-25,20,132
2020-12-25,21,97
2020-12-25,22,114
2020-12-25,23,87
2020-12-26,0,30
2020-12-26,1,4
2020-12-26,2,0
2020-12-26,3,0
2020-12-26,4,0
2020-12-26,5,0
2020-12-26,6,8
2020-12-26,7,26
2020-12-26,8,58
2020-12-26,9,70
2020-12-26,10,71
2020-12-26,11,80
2020-12-26,12,88
2020-12-26,13,119
2020-12-26,14,114
2020-12-26,15,109
2020-12-26,16,96
2020-12-26,17,119
2020-12-26,18,109
2020-12-26,19,93
2020-12-26,20,96
2020-12-26,21,114
2020-12-26,22,114
2020-12-26,23,110
2020-12-27,0,26
2020-12-27,1,2
2020-12-27,2,1
2020-12-27,3,0
2020-12-27,4,0
2020-12-27,5,0
2020-12-27,6,7
2020-12-27,7,26
2020-12-27,8,49
2020-12-27,9,66
2020-12-27,10,97
2020-12-27,11,113
2020-12-27,12,96
2020-12-27,13,118
2020-12-27,14,115
2020-12-27,15,111
2020-12-27,16,96
2020-12-27,17,92
2020-12-27,18,84
2020-12-27,19,92
2020-12-27,20,93
2020-12-27,21,66
2020-12-27,22,72
2020-12-27,23,57
2020-12-28,0,19
2020-12-28,1,2
2020-12-28,2,1
2020-12-28,3,3
2020-12-28,4,1
2020-12-28,5,4
2020-12-28,6,5
2020-12-28,7,26
2020-12-28,8,49
2020-12-28,9,76
2020-12-28,10,62
2020-12-28,11,67
2020-12-28,12,62
2020-12-28,13,57
2020-12-28,14,57
2020-12-28,15,52
2020-12-28,16,48
2020-12-28,17,53
2020-12-28,18,62
2020-12-28,19,67
2020-12-28,20,62
2020-12-28,21,62
2020-12-28,22,62
2020-12-28,23,48
2020-12-29,0,8
2020-12-29,1,0
2020-12-29,2,2
2020-12-29,3,0
2020-12-29,4,0
2020-12-29,5,0
2020-12-29,6,21
2020-12-29,7,26
2020-12-29,8,67
2020-12-29,9,88
2020-12-29,10,74
2020-12-29,11,62
2020-12-29,12,67
2020-12-29,13,67
2020-12-29,14,71
2020-12-29,15,76
2020-12-29,16,72
2020-12-29,17,67
2020-12-29,18,80
2020-12-29,19,57
2020-12-29,20,62
2020-12-29,21,62
2020-12-29,22,62
2020-12-29,23,57
2020-12-30,0,22
2020-12-30,1,0
2020-12-30,2,3
2020-12-30,3,0
2020-12-30,4,0
2020-12-30,5,2
2020-12-30,6,7
2020-12-30,7,23
2020-12-30,8,44
2020-12-30,9,76
2020-12-30,10,71
2020-12-30,11,62
2020-12-30,12,67
2020-12-30,13,62
2020-12-30,14,67
2020-12-30,15,72
2020-12-30,16,72
2020-12-30,17,84
2020-12-30,18,72
2020-12-30,19,71
2020-12-30,20,75
2020-12-30,21,76
2020-12-30,22,62
2020-12-30,23,48
2020-12-31,0,16
2020-12-31,1,0
2020-12-31,2,0
2020-12-31,3,0
2020-12-31,4,0
2020-12-31,5,4
2020-12-31,6,8
2020-12-31,7,27
2020-12-31,8,66
2020-12-31,9,100
2020-12-31,10,96
2020-12-31,11,105
2020-12-31,12,88
2020-12-31,13,76
2020-12-31,14,71
2020-12-31,15,76
2020-12-31,16,80
2020-12-31,17,96
2020-12-31,18,84
2020-12-31,19,80
2020-12-31,20,76
2020-12-31,21,76
2020-12-31,22,84
2020-12-31,23,79
2021-01-01,0,16
2021-01-01,1,0
2021-01-01,2,0
2021-01-01,3,0
2021-01-01,4,0
2021-01-01,5,0
2021-01-01,6,8
2021-01-01,7,30
2021-01-01,8,71
2021-01-01,9,92
2021-01-01,10,88
2021-01-01,11,88
2021-01-01,12,100
2021-01-01,13,104
2021-01-01,14,106
2021-01-01,15,88
2021-01-01,16,96
2021-01-01,17,146
2021-01-01,18,141
2021-01-01,19,142
2021-01-01,20,132
2021-01-01,21,97
2021-01-01,22,114
2021-01-01,23,87
2021-01-02,0,30
2021-01-02,1,4
2021-01-02,2,0
2021-01-02,3,0
2021-01-02,4,0
2021-01-02,5,0
2021-01-02,6,8
2021-01-02,7,26
2021-01-02,8,58
2021-01-02,9,75
2021-01-02,10,76
2021-01-02,11,72
2021-01-02,12,88
2021-01-02,13,105
2021-01-02,14,109
2021-01-02,15,105
2021-01-02,16,100
2021-01-02,17,118
2021-01-02,18,124
2021-01-02,19,97
2021-01-02,20,105
2021-01-02,21,114
2021-01-02,22,119
2021-01-02,23,110
2021-01-03,0,26
2021-01-03,1,2
2021-01-03,2,0
2021-01-03,3,4
2021-01-03,4,8
2021-01-03,5,2
2021-01-03,6,11
2021-01-03,7,31
2021-01-03,8,44
2021-01-03,9,66
2021-01-03,10,92
2021-01-03,11,105
2021-01-03,12,99
2021-01-03,13,127
2021-01-03,14,123
2021-01-03,15,115
2021-01-03,16,70
2021-01-03,17,97
2021-01-03,18,92
2021-01-03,19,88
2021-01-03,20,76
2021-01-03,21,71
2021-01-03,22,67
2021-01-03,23,62
2021-01-04,0,22
2021-01-04,1,1
2021-01-04,2,1
2021-01-04,3,0
2021-01-04,4,6
2021-01-04,5,3
2021-01-04,6,12
2021-01-04,7,26
2021-01-04,8,53
2021-01-04,9,80
2021-01-04,10,67
2021-01-04,11,67
2021-01-04,12,67
2021-01-04,13,62
2021-01-04,14,62
2021-01-04,15,52
2021-01-04,16,52
2021-01-04,17,66
2021-01-04,18,62
2021-01-04,19,67
2021-01-04,20,62
2021-01-04,21,62
2021-01-04,22,57
2021-01-04,23,48
2021-01-05,0,8
2021-01-05,1,0
2021-01-05,2,0
2021-01-05,3,0
2021-01-05,4,1
2021-01-05,5,2
2021-01-05,6,12
2021-01-05,7,29
2021-01-05,8,67
2021-01-05,9,89
2021-01-05,10,88
2021-01-05,11,70
2021-01-05,12,72
2021-01-05,13,71
2021-01-05,14,71
2021-01-05,15,72
2021-01-05,16,62
2021-01-05,17,72
2021-01-05,18,75
2021-01-05,19,67
2021-01-05,20,67
2021-01-05,21,67
2021-01-05,22,57
2021-01-05,23,52
2021-01-06,0,26
2021-01-06,1,4
2021-01-06,2,1
2021-01-06,3,1
2021-01-06,4,0
2021-01-06,5,4
2021-01-06,6,6
2021-01-06,7,26
2021-01-06,8,52
2021-01-06,9,76
2021-01-06,10,80
2021-01-06,11,62
2021-01-06,12,67
2021-01-06,13,62
2021-01-06,14,67
2021-01-06,15,72
2021-01-06,16,92
2021-01-06,17,69
2021-01-06,18,67
2021-01-06,19,76
2021-01-06,20,70
2021-01-06,21,72
2021-01-06,22,62
2021-01-06,23,52
2021-01-07,0,12
2021-01-07,1,0
2021-01-07,2,0
2021-01-07,3,2
2021-01-07,4,2
2021-01-07,5,8
2021-01-07,6,12
2021-01-07,7,8
2021-01-07,8,39
2021-01-07,9,47
2021-01-07,10,32
2021-01-07,11,102
2021-01-07,12,92
2021-01-07,13,80
2021-01-07,14,76
2021-01-07,15,71
2021-01-07,16,75
2021-01-07,17,96
2021-01-07,18,84
2021-01-07,19,75
2021-01-07,20,67
2021-01-07,21,80
2021-01-07,22,84
2021-01-07,23,83
2021-01-08,0,11
2021-01-08,1,2
2021-01-08,2,0
2021-01-08,3,2
2021-01-08,4,7
2021-01-08,5,3
2021-01-08,6,14
2021-01-08,7,30
2021-01-08,8,62
2021-01-08,9,80
2021-01-08,10,82
2021-01-08,11,48
2021-01-08,12,44
2021-01-08,13,35
2021-01-08,14,45
2021-01-08,15,83
2021-01-08,16,101
2021-01-08,17,124
2021-01-08,18,132
2021-01-08,19,132
2021-01-08,20,127
2021-01-08,21,92
2021-01-08,22,109
2021-01-08,23,92
2021-01-09,0,25
2021-01-09,1,4
2021-01-09,2,0
2021-01-09,3,5
2021-01-09,4,0
2021-01-09,5,5
2021-01-09,6,14
2021-01-09,7,24
2021-01-09,8,58
2021-01-09,9,62
2021-01-09,10,76
2021-01-09,11,71
2021-01-09,12,88
2021-01-09,13,110
2021-01-09,14,110
2021-01-09,15,110
2021-01-09,16,105
2021-01-09,17,123
2021-01-09,18,128
2021-01-09,19,101
2021-01-09,20,101
2021-01-09,21,114
2021-01-09,22,115
2021-01-09,23,115
2021-01-10,0,26
2021-01-10,1,0
2021-01-10,2,0
2021-01-10,3,0
2021-01-10,4,1
2021-01-10,5,1
2021-01-10,6,7
2021-01-10,7,31
2021-01-10,8,44
2021-01-10,9,66
2021-01-10,10,96
2021-01-10,11,105
2021-01-10,12,96
2021-01-10,13,126
2021-01-10,14,127
2021-01-10,15,115
2021-01-10,16,96
2021-01-10,17,101
2021-01-10,18,88
2021-01-10,19,92
2021-01-10,20,76
2021-01-10,21,66
2021-01-10,22,67
2021-01-10,23,62
2021-01-11,0,22
2021-01-11,1,1
2021-01-11,2,3
2021-01-11,3,1
2021-01-11,4,1
2021-01-11,5,4
2021-01-11,6,10
2021-01-11,7,30
2021-01-11,8,57
2021-01-11,9,84
2021-01-11,10,62
2021-01-11,11,62
2021-01-11,12,62
2021-01-11,13,57
2021-01-11,14,57
2021-01-11,15,56
2021-01-11,16,48
2021-01-11,17,57
2021-01-11,18,48
2021-01-11,19,29
2021-01-11,20,66
2021-01-11,21,62
2021-01-11,22,62
2021-01-11,23,48
2021-01-12,0,10
2021-01-12,1,2
2021-01-12,2,0
2021-01-12,3,3
2021-01-12,4,4
2021-01-12,5,10
2021-01-12,6,9
2021-01-12,7,28
2021-01-12,8,67
2021-01-12,9,75
2021-01-12,10,90
2021-01-12,11,61
2021-01-12,12,45
2021-01-12,13,28
2021-01-12,14,33
2021-01-12,15,23
2021-01-12,16,36
2021-01-12,17,57
2021-01-12,18,80
2021-01-12,19,67
2021-01-12,20,67
2021-01-12,21,67
2021-01-12,22,67
2021-01-12,23,52
2021-01-13,0,26
2021-01-13,1,0
2021-01-13,2,0
2021-01-13,3,4
2021-01-13,4,1
2021-01-13,5,2
2021-01-13,6,23
2021-01-13,7,26
2021-01-13,8,57
2021-01-13,9,80
2021-01-13,10,80
2021-01-13,11,72
2021-01-13,12,71
2021-01-13,13,62
2021-01-13,14,71
2021-01-13,15,76
2021-01-13,16,106
2021-01-13,17,88
2021-01-13,18,71
2021-01-13,19,80
2021-01-13,20,75
2021-01-13,21,68
2021-01-13,22,47
2021-01-13,23,52
2021-01-14,0,15
2021-01-14,1,3
2021-01-14,2,4
2021-01-14,3,0
2021-01-14,4,1
2021-01-14,5,0
2021-01-14,6,11
2021-01-14,7,26
2021-01-14,8,63
2021-01-14,9,46
2021-01-14,10,32
2021-01-14,11,31
2021-01-14,12,43
2021-01-14,13,37
2021-01-14,14,29
2021-01-14,15,71
2021-01-14,16,84
2021-01-14,17,100
2021-01-14,18,80
2021-01-14,19,80
2021-01-14,20,71
2021-01-14,21,80
2021-01-14,22,84
2021-01-14,23,79
2021-01-15,0,21
2021-01-15,1,2
2021-01-15,2,1
2021-01-15,3,2
2021-01-15,4,1
2021-01-15,5,0
2021-01-15,6,12
2021-01-15,7,30
2021-01-15,8,83
2021-01-15,9,84
2021-01-15,10,76
2021-01-15,11,76
2021-01-15,12,84
2021-01-15,13,88
2021-01-15,14,88
2021-01-15,15,83
2021-01-15,16,96
2021-01-15,17,132
2021-01-15,18,128
2021-01-15,19,142
2021-01-15,20,119
2021-01-15,21,92
2021-01-15,22,114
2021-01-15,23,87
2021-01-16,0,27
2021-01-16,1,0
2021-01-16,2,0
2021-01-16,3,0
2021-01-16,4,0
2021-01-16,5,0
2021-01-16,6,12
2021-01-16,7,26
2021-01-16,8,53
2021-01-16,9,75
2021-01-16,10,80
2021-01-16,11,84
2021-01-16,12,88
2021-01-16,13,123
2021-01-16,14,119
2021-01-16,15,114
2021-01-16,16,101
2021-01-16,17,123
2021-01-16,18,128
2021-01-16,19,101
2021-01-16,20,96
2021-01-16,21,119
2021-01-16,22,119
2021-01-16,23,119
2021-01-17,0,26
2021-01-17,1,0
2021-01-17,2,0
2021-01-17,3,0
2021-01-17,4,0
2021-01-17,5,0
2021-01-17,6,6
2021-01-17,7,26
2021-01-17,8,49
2021-01-17,9,71
2021-01-17,10,96
2021-01-17,11,105
2021-01-17,12,100
2021-01-17,13,137
2021-01-17,14,123
2021-01-17,15,115
2021-01-17,16,100
2021-01-17,17,97
2021-01-17,18,92
2021-01-17,19,92
2021-01-17,20,76
2021-01-17,21,67
2021-01-17,22,72
2021-01-17,23,62
2021-01-18,0,18
2021-01-18,1,3
2021-01-18,2,1
2021-01-18,3,1
2021-01-18,4,6
2021-01-18,5,4
2021-01-18,6,8
2021-01-18,7,26
2021-01-18,8,61
2021-01-18,9,80
2021-01-18,10,62
2021-01-18,11,62
2021-01-18,12,62
2021-01-18,13,57
2021-01-18,14,57
2021-01-18,15,52
2021-01-18,16,40
2021-01-18,17,57
2021-01-18,18,66
2021-01-18,19,57
2021-01-18,20,62
2021-01-18,21,62
2021-01-18,22,67
2021-01-18,23,48
2021-01-19,0,12
2021-01-19,1,0
2021-01-19,2,0
2021-01-19,3,2
2021-01-19,4,1
2021-01-19,5,3
2021-01-19,6,12
2021-01-19,7,23
2021-01-19,8,72
2021-01-19,9,79
2021-01-19,10,75
2021-01-19,11,62
2021-01-19,12,57
2021-01-19,13,67
2021-01-19,14,45
2021-01-19,15,49
2021-01-19,16,37
2021-01-19,17,23
2021-01-19,18,28
2021-01-19,19,40
2021-01-19,20,67
2021-01-19,21,67
2021-01-19,22,62
2021-01-19,23,52
2021-01-20,0,26
2021-01-20,1,2
2021-01-20,2,2
2021-01-20,3,4
2021-01-20,4,4
2021-01-20,5,3
2021-01-20,6,10
2021-01-20,7,17
2021-01-20,8,49
2021-01-20,9,83
2021-01-20,10,85
2021-01-20,11,90
2021-01-20,12,87
2021-01-20,13,88
2021-01-20,14,77
2021-01-20,15,72
2021-01-20,16,98
2021-01-20,17,84
2021-01-20,18,76
2021-01-20,19,76
2021-01-20,20,75
2021-01-20,21,72
2021-01-20,22,57
2021-01-20,23,52
2021-01-21,0,17
2021-01-21,1,0
2021-01-21,2,0
2021-01-21,3,0
2021-01-21,4,2
2021-01-21,5,0
2021-01-21,6,17
2021-01-21,7,23
2021-01-21,8,58
2021-01-21,9,83
2021-01-21,10,61
2021-01-21,11,55
2021-01-21,12,51
2021-01-21,13,60
2021-01-21,14,62
2021-01-21,15,71
2021-01-21,16,76
2021-01-21,17,96
2021-01-21,18,80
2021-01-21,19,80
2021-01-21,20,72
2021-01-21,21,80
2021-01-21,22,84
2021-01-21,23,79
2021-01-22,0,21
2021-01-22,1,1
2021-01-22,2,3
2021-01-22,3,1
2021-01-22,4,0
2021-01-22,5,3
2021-01-22,6,10
2021-01-22,7,33
2021-01-22,8,57
2021-01-22,9,52
2021-01-22,10,56
2021-01-22,11,61
2021-01-22,12,76
2021-01-22,13,84
2021-01-22,14,84
2021-01-22,15,88
2021-01-22,16,96
2021-01-22,17,127
2021-01-22,18,124
2021-01-22,19,133
2021-01-22,20,124
2021-01-22,21,70
2021-01-22,22,110
2021-01-22,23,87
2021-01-23,0,25
2021-01-23,1,2
2021-01-23,2,1
2021-01-23,3,6
2021-01-23,4,3
2021-01-23,5,1
2021-01-23,6,4
2021-01-23,7,24
2021-01-23,8,53
2021-01-23,9,75
2021-01-23,10,76
2021-01-23,11,80
2021-01-23,12,92
2021-01-23,13,127
2021-01-23,14,119
2021-01-23,15,104
2021-01-23,16,105
2021-01-23,17,136
2021-01-23,18,119
2021-01-23,19,101
2021-01-23,20,100
2021-01-23,21,114
2021-01-23,22,120
2021-01-23,23,115
2021-01-24,0,25
2021-01-24,1,3
2021-01-24,2,7
2021-01-24,3,4
2021-01-24,4,1
2021-01-24,5,4
2021-01-24,6,10
2021-01-24,7,26
2021-01-24,8,49
2021-01-24,9,70
2021-01-24,10,101
2021-01-24,11,118
2021-01-24,12,100
2021-01-24,13,127
2021-01-24,14,98
2021-01-24,15,58
2021-01-24,16,96
2021-01-24,17,97
2021-01-24,18,88
2021-01-24,19,88
2021-01-24,20,80
2021-01-24,21,66
2021-01-24,22,72
2021-01-24,23,62
2021-01-25,0,22
2021-01-25,1,1
2021-01-25,2,2
2021-01-25,3,0
2021-01-25,4,1
2021-01-25,5,5
2021-01-25,6,7
2021-01-25,7,26
2021-01-25,8,57
2021-01-25,9,76
2021-01-25,10,76
2021-01-25,11,62
2021-01-25,12,61
2021-01-25,13,57
2021-01-25,14,62
2021-01-25,15,52
2021-01-25,16,48
2021-01-25,17,57
2021-01-25,18,62
2021-01-25,19,52
2021-01-25,20,60
2021-01-25,21,67
2021-01-25,22,65
2021-01-25,23,48
2021-01-26,0,8
2021-01-26,1,0
2021-01-26,2,0
2021-01-26,3,0
2021-01-26,4,0
2021-01-26,5,0
2021-01-26,6,12
2021-01-26,7,30
2021-01-26,8,67
2021-01-26,9,89
2021-01-26,10,83
2021-01-26,11,72
2021-01-26,12,62
2021-01-26,13,67
2021-01-26,14,58
2021-01-26,15,52
2021-01-26,16,48
2021-01-26,17,57
2021-01-26,18,67
2021-01-26,19,62
2021-01-26,20,67
2021-01-26,21,67
2021-01-26,22,67
2021-01-26,23,52
2021-01-27,0,20
2021-01-27,1,0
2021-01-27,2,1
2021-01-27,3,0
2021-01-27,4,1
2021-01-27,5,5
2021-01-27,6,11
2021-01-27,7,26
2021-01-27,8,52
2021-01-27,9,76
2021-01-27,10,76
2021-01-27,11,75
2021-01-27,12,67
2021-01-27,13,62
2021-01-27,14,67
2021-01-27,15,71
2021-01-27,16,102
2021-01-27,17,88
2021-01-27,18,72
2021-01-27,19,76
2021-01-27,20,70
2021-01-27,21,76
2021-01-27,22,57
2021-01-27,23,48
2021-01-28,0,11
2021-01-28,1,3
2021-01-28,2,3
2021-01-28,3,4
2021-01-28,4,0
2021-01-28,5,5
2021-01-28,6,6
2021-01-28,7,24
2021-01-28,8,57
2021-01-28,9,88
2021-01-28,10,76
2021-01-28,11,51
2021-01-28,12,38
2021-01-28,13,41
2021-01-28,14,23
2021-01-28,15,30
2021-01-28,16,36
2021-01-28,17,31
2021-01-28,18,26
2021-01-28,19,21
2021-01-28,20,71
2021-01-28,21,80
2021-01-28,22,88
2021-01-28,23,83
2021-01-29,0,21
2021-01-29,1,0
2021-01-29,2,0
2021-01-29,3,0
2021-01-29,4,0
2021-01-29,5,0
2021-01-29,6,8
2021-01-29,7,30
2021-01-29,8,62
2021-01-29,9,76
2021-01-29,10,71
2021-01-29,11,71
2021-01-29,12,84
2021-01-29,13,84
2021-01-29,14,88
2021-01-29,15,84
2021-01-29,16,101
2021-01-29,17,132
2021-01-29,18,127
2021-01-29,19,142
2021-01-29,20,128
2021-01-29,21,92
2021-01-29,22,114
2021-01-29,23,91
2021-01-30,0,30
2021-01-30,1,0
2021-01-30,2,0
2021-01-30,3,0
2021-01-30,4,0
2021-01-30,5,0
2021-01-30,6,8
2021-01-30,7,23
2021-01-30,8,63
2021-01-30,9,80
2021-01-30,10,46
2021-01-30,11,23
2021-01-30,12,20
2021-01-30,13,107
2021-01-30,14,128
2021-01-30,15,118
2021-01-30,16,105
2021-01-30,17,132
2021-01-30,18,123
2021-01-30,19,105
2021-01-30,20,110
2021-01-30,21,123
2021-01-30,22,123
2021-01-30,23,115
2021-01-31,0,30
2021-01-31,1,1
2021-01-31,2,2
2021-01-31,3,1
2021-01-31,4,0
2021-01-31,5,0
2021-01-31,6,12
2021-01-31,7,26
2021-01-31,8,44
2021-01-31,9,75
2021-01-31,10,101
2021-01-31,11,118
2021-01-31,12,109
2021-01-31,13,137
2021-01-31,14,123
2021-01-31,15,110
2021-01-31,16,101
2021-01-31,17,105
2021-01-31,18,96
2021-01-31,19,92
2021-01-31,20,76
2021-01-31,21,66
2021-01-31,22,72
2021-01-31,23,62
2021-02-01,0,20
2021-02-01,1,1
2021-02-01,2,5
2021-02-01,3,2
2021-02-01,4,0
2021-02-01,5,2
2021-02-01,6,11
2021-02-01,7,27
2021-02-01,8,57
2021-02-01,9,80
2021-02-01,10,62
2021-02-01,11,62
2021-02-01,12,62
2021-02-01,13,62
2021-02-01,14,57
2021-02-01,15,57
2021-02-01,16,48
2021-02-01,17,66
2021-02-01,18,62
2021-02-01,19,62
2021-02-01,20,66
2021-02-01,21,67
2021-02-01,22,57
2021-02-01,23,48
2021-02-02,0,11
2021-02-02,1,2
2021-02-02,2,0
2021-02-02,3,1
2021-02-02,4,0
2021-02-02,5,3
2021-02-02,6,9
2021-02-02,7,30
2021-02-02,8,48
2021-02-02,9,38
2021-02-02,10,33
2021-02-02,11,67
2021-02-02,12,67
2021-02-02,13,57
2021-02-02,14,48
2021-02-02,15,52
2021-02-02,16,52
2021-02-02,17,57
2021-02-02,18,61
2021-02-02,19,57
2021-02-02,20,67
2021-02-02,21,67
2021-02-02,22,67
2021-02-02,23,52
2021-02-03,0,18
2021-02-03,1,0
2021-02-03,2,0
2021-02-03,3,0
2021-02-03,4,0
2021-02-03,5,0
2021-02-03,6,14
2021-02-03,7,22
2021-02-03,8,41
2021-02-03,9,43
2021-02-03,10,58
2021-02-03,11,37
2021-02-03,12,39
2021-02-03,13,44
2021-02-03,14,52
2021-02-03,15,72
2021-02-03,16,76
2021-02-03,17,92
2021-02-03,18,67
2021-02-03,19,76
2021-02-03,20,53
2021-02-03,21,76
2021-02-03,22,57
2021-02-03,23,52
2021-02-04,0,8
2021-02-04,1,0
2021-02-04,2,0
2021-02-04,3,0
2021-02-04,4,0
2021-02-04,5,0
2021-02-04,6,11
2021-02-04,7,25
2021-02-04,8,67
2021-02-04,9,84
2021-02-04,10,84
2021-02-04,11,80
2021-02-04,12,62
2021-02-04,13,67
2021-02-04,14,57
2021-02-04,15,62
2021-02-04,16,76
2021-02-04,17,88
2021-02-04,18,67
2021-02-04,19,62
2021-02-04,20,76
2021-02-04,21,80
2021-02-04,22,75
2021-02-04,23,79
2021-02-05,0,17
2021-02-05,1,0
2021-02-05,2,0
2021-02-05,3,0
2021-02-05,4,0
2021-02-05,5,1
2021-02-05,6,16
2021-02-05,7,32
2021-02-05,8,67
2021-02-05,9,80
2021-02-05,10,75
2021-02-05,11,75
2021-02-05,12,88
2021-02-05,13,84
2021-02-05,14,88
2021-02-05,15,87
2021-02-05,16,96
2021-02-05,17,128
2021-02-05,18,127
2021-02-05,19,142
2021-02-05,20,128
2021-02-05,21,101
2021-02-05,22,114
2021-02-05,23,87
2021-02-06,0,24
2021-02-06,1,4
2021-02-06,2,0
2021-02-06,3,1
2021-02-06,4,1
2021-02-06,5,1
2021-02-06,6,10
2021-02-06,7,26
2021-02-06,8,53
2021-02-06,9,71
2021-02-06,10,72
2021-02-06,11,67
2021-02-06,12,80
2021-02-06,13,114
2021-02-06,14,119
2021-02-06,15,110
2021-02-06,16,96
2021-02-06,17,119
2021-02-06,18,124
2021-02-06,19,101
2021-02-06,20,101
2021-02-06,21,118
2021-02-06,22,119
2021-02-06,23,111
2021-02-07,0,19
2021-02-07,1,3
2021-02-07,2,4
2021-02-07,3,2
2021-02-07,4,2
2021-02-07,5,5
2021-02-07,6,3
2021-02-07,7,26
2021-02-07,8,49
2021-02-07,9,71
2021-02-07,10,88
2021-02-07,11,105
2021-02-07,12,105
2021-02-07,13,122
2021-02-07,14,119
2021-02-07,15,100
2021-02-07,16,100
2021-02-07,17,96
2021-02-07,18,97
2021-02-07,19,92
2021-02-07,20,80
2021-02-07,21,71
2021-02-07,22,72
2021-02-07,23,57
2021-02-08,0,18
2021-02-08,1,0
2021-02-08,2,0
2021-02-08,3,0
2021-02-08,4,0
2021-02-08,5,0
2021-02-08,6,11
2021-02-08,7,19
2021-02-08,8,37
2021-02-08,9,56
2021-02-08,10,62
2021-02-08,11,62
2021-02-08,12,62
2021-02-08,13,57
2021-02-08,14,57
2021-02-08,15,52
2021-02-08,16,48
2021-02-08,17,62
2021-02-08,18,62
2021-02-08,19,62
2021-02-08,20,71
2021-02-08,21,62
2021-02-08,22,62
2021-02-08,23,33
2021-02-09,0,1
2021-02-09,1,5
2021-02-09,2,0
2021-02-09,3,1
2021-02-09,4,3
2021-02-09,5,1
2021-02-09,6,14
2021-02-09,7,30
2021-02-09,8,67
2021-02-09,9,74
2021-02-09,10,77
2021-02-09,11,62
2021-02-09,12,62
2021-02-09,13,57
2021-02-09,14,53
2021-02-09,15,52
2021-02-09,16,52
2021-02-09,17,57
2021-02-09,18,66
2021-02-09,19,62
2021-02-09,20,67
2021-02-09,21,67
2021-02-09,22,67
2021-02-09,23,57
2021-02-10,0,6
2021-02-10,1,1
2021-02-10,2,0
2021-02-10,3,0
2021-02-10,4,0
2021-02-10,5,0
2021-02-10,6,15
2021-02-10,7,26
2021-02-10,8,48
2021-02-10,9,65
2021-02-10,10,71
2021-02-10,11,62
2021-02-10,12,60
2021-02-10,13,46
2021-02-10,14,67
2021-02-10,15,72
2021-02-10,16,102
2021-02-10,17,88
2021-02-10,18,66
2021-02-10,19,76
2021-02-10,20,38
2021-02-10,21,14
2021-02-10,22,30
2021-02-10,23,52
2021-02-11,0,12
2021-02-11,1,2
2021-02-11,2,2
2021-02-11,3,4
2021-02-11,4,0
2021-02-11,5,5
2021-02-11,6,16
2021-02-11,7,18
2021-02-11,8,66
2021-02-11,9,61
2021-02-11,10,46
2021-02-11,11,33
2021-02-11,12,35
2021-02-11,13,41
2021-02-11,14,30
2021-02-11,15,44
2021-02-11,16,25
2021-02-11,17,36
2021-02-11,18,26
2021-02-11,19,38
2021-02-11,20,25
2021-02-11,21,80
2021-02-11,22,84
2021-02-11,23,83
2021-02-12,0,17
2021-02-12,1,4
2021-02-12,2,1
2021-02-12,3,3
2021-02-12,4,1
2021-02-12,5,4
2021-02-12,6,7
2021-02-12,7,31
2021-02-12,8,79
2021-02-12,9,75
2021-02-12,10,62
2021-02-12,11,70
2021-02-12,12,64
2021-02-12,13,92
2021-02-12,14,82
2021-02-12,15,86
2021-02-12,16,74
2021-02-12,17,83
2021-02-12,18,90
2021-02-12,19,137
2021-02-12,20,132
2021-02-12,21,101
2021-02-12,22,119
2021-02-12,23,92
2021-02-13,0,30
2021-02-13,1,2
2021-02-13,2,2
2021-02-13,3,3
2021-02-13,4,1
2021-02-13,5,1
2021-02-13,6,6
2021-02-13,7,26
2021-02-13,8,53
2021-02-13,9,75
2021-02-13,10,71
2021-02-13,11,67
2021-02-13,12,76
2021-02-13,13,118
2021-02-13,14,119
2021-02-13,15,114
2021-02-13,16,105
2021-02-13,17,119
2021-02-13,18,128
2021-02-13,19,101
2021-02-13,20,105
2021-02-13,21,123
2021-02-13,22,127
2021-02-13,23,115
2021-02-14,0,4
2021-02-14,1,8
2021-02-14,2,2
2021-02-14,3,3
2021-02-14,4,1
2021-02-14,5,3
2021-02-14,6,4
2021-02-14,7,21
2021-02-14,8,44
2021-02-14,9,66
2021-02-14,10,97
2021-02-14,11,109
2021-02-14,12,101
2021-02-14,13,127
2021-02-14,14,119
2021-02-14,15,101
2021-02-14,16,96
2021-02-14,17,100
2021-02-14,18,96
2021-02-14,19,92
2021-02-14,20,80
2021-02-14,21,71
2021-02-14,22,72
2021-02-14,23,57
2021-02-15,0,19
2021-02-15,1,6
2021-02-15,2,0
2021-02-15,3,3
2021-02-15,4,2
2021-02-15,5,2
2021-02-15,6,7
2021-02-15,7,26
2021-02-15,8,53
2021-02-15,9,72
2021-02-15,10,54
2021-02-15,11,44
2021-02-15,12,58
2021-02-15,13,67
2021-02-15,14,57
2021-02-15,15,52
2021-02-15,16,48
2021-02-15,17,61
2021-02-15,18,62
2021-02-15,19,57
2021-02-15,20,66
2021-02-15,21,62
2021-02-15,22,67
2021-02-15,23,44
2021-02-16,0,9
2021-02-16,1,1
2021-02-16,2,1
2021-02-16,3,2
2021-02-16,4,1
2021-02-16,5,5
2021-02-16,6,9
2021-02-16,7,26
2021-02-16,8,56
2021-02-16,9,55
2021-02-16,10,46
2021-02-16,11,34
2021-02-16,12,54
2021-02-16,13,35
2021-02-16,14,58
2021-02-16,15,57
2021-02-16,16,52
2021-02-16,17,57
2021-02-16,18,66
2021-02-16,19,59
2021-02-16,20,65
2021-02-16,21,67
2021-02-16,22,62
2021-02-16,23,52
2021-02-17,0,18
2021-02-17,1,3
2021-02-17,2,1
2021-02-17,3,0
2021-02-17,4,1
2021-02-17,5,5
2021-02-17,6,9
2021-02-17,7,26
2021-02-17,8,52
2021-02-17,9,67
2021-02-17,10,71
2021-02-17,11,67
2021-02-17,12,62
2021-02-17,13,57
2021-02-17,14,67
2021-02-17,15,76
2021-02-17,16,106
2021-02-17,17,92
2021-02-17,18,76
2021-02-17,19,76
2021-02-17,20,71
2021-02-17,21,49
2021-02-17,22,53
2021-02-17,23,52
2021-02-18,0,13
2021-02-18,1,3
2021-02-18,2,1
2021-02-18,3,2
2021-02-18,4,1
2021-02-18,5,3
2021-02-18,6,7
2021-02-18,7,24
2021-02-18,8,62
2021-02-18,9,80
2021-02-18,10,72
2021-02-18,11,75
2021-02-18,12,62
2021-02-18,13,57
2021-02-18,14,52
2021-02-18,15,57
2021-02-18,16,57
2021-02-18,17,76
2021-02-18,18,62
2021-02-18,19,67
2021-02-18,20,62
2021-02-18,21,62
2021-02-18,22,82
2021-02-18,23,83
2021-02-19,0,25
2021-02-19,1,6
2021-02-19,2,1
2021-02-19,3,2
2021-02-19,4,0
2021-02-19,5,1
2021-02-19,6,11
2021-02-19,7,30
2021-02-19,8,62
2021-02-19,9,84
2021-02-19,10,76
2021-02-19,11,71
2021-02-19,12,80
2021-02-19,13,84
2021-02-19,14,84
2021-02-19,15,88
2021-02-19,16,101
2021-02-19,17,119
2021-02-19,18,123
2021-02-19,19,137
2021-02-19,20,124
2021-02-19,21,97
2021-02-19,22,114
2021-02-19,23,92
2021-02-20,0,30
2021-02-20,1,0
2021-02-20,2,0
2021-02-20,3,0
2021-02-20,4,1
2021-02-20,5,4
2021-02-20,6,6
2021-02-20,7,26
2021-02-20,8,58
2021-02-20,9,75
2021-02-20,10,72
2021-02-20,11,72
2021-02-20,12,76
2021-02-20,13,114
2021-02-20,14,115
2021-02-20,15,109
2021-02-20,16,106
2021-02-20,17,131
2021-02-20,18,128
2021-02-20,19,101
2021-02-20,20,110
2021-02-20,21,123
2021-02-20,22,119
2021-02-20,23,118
2021-02-21,0,22
2021-02-21,1,2
2021-02-21,2,2
2021-02-21,3,1
2021-02-21,4,2
2021-02-21,5,2
2021-02-21,6,7
2021-02-21,7,21
2021-02-21,8,49
2021-02-21,9,66
2021-02-21,10,96
2021-02-21,11,109
2021-02-21,12,105
2021-02-21,13,127
2021-02-21,14,123
2021-02-21,15,101
2021-02-21,16,100
2021-02-21,17,92
2021-02-21,18,96
2021-02-21,19,92
2021-02-21,20,76
2021-02-21,21,62
2021-02-21,22,67
2021-02-21,23,62
2021-02-22,0,18
2021-02-22,1,0
2021-02-22,2,0
2021-02-22,3,0
2021-02-22,4,0
2021-02-22,5,4
2021-02-22,6,12
2021-02-22,7,22
2021-02-22,8,53
2021-02-22,9,80
2021-02-22,10,67
2021-02-22,11,57
2021-02-22,12,62
2021-02-22,13,67
2021-02-22,14,62
2021-02-22,15,57
2021-02-22,16,48
2021-02-22,17,71
2021-02-22,18,62
2021-02-22,19,62
2021-02-22,20,66
2021-02-22,21,67
2021-02-22,22,61
2021-02-22,23,48
2021-02-23,0,9
2021-02-23,1,0
2021-02-23,2,1
2021-02-23,3,0
2021-02-23,4,0
2021-02-23,5,0
2021-02-23,8,59
2021-02-23,9,76
2021-02-23,10,66
2021-02-23,11,57
2021-02-23,12,57
2021-02-23,13,57
2021-02-23,14,62
2021-02-23,15,57
2021-02-23,16,52
2021-02-23,17,57
2021-02-23,18,62
2021-02-23,19,57
2021-02-23,20,67
2021-02-23,21,62
2021-02-23,22,67
2021-02-23,23,52
2021-02-24,0,18
2021-02-24,1,0
2021-02-24,2,0
2021-02-24,3,0
2021-02-24,4,0
2021-02-24,5,0
2021-02-24,6,16
2021-02-24,7,26
2021-02-24,8,57
2021-02-24,9,71
2021-02-24,10,76
2021-02-24,11,67
2021-02-24,12,62
2021-02-24,13,57
2021-02-24,14,54
2021-02-24,15,75
2021-02-24,16,102
2021-02-24,17,88
2021-02-24,18,72
2021-02-24,19,80
2021-02-24,20,71
2021-02-24,21,62
2021-02-24,22,53
2021-02-24,23,52
2021-02-25,0,20
2021-02-25,1,3
2021-02-25,2,0
2021-02-25,3,0
2021-02-25,4,0
2021-02-25,5,0
2021-02-25,6,9
2021-02-25,7,22
2021-02-25,8,47
2021-02-25,9,35
2021-02-25,10,37
2021-02-25,11,28
2021-02-25,12,65
2021-02-25,13,57
2021-02-25,14,52
2021-02-25,15,62
2021-02-25,16,66
2021-02-25,17,76
2021-02-25,18,62
2021-02-25,19,61
2021-02-25,20,62
2021-02-25,21,76
2021-02-25,22,88
2021-02-25,23,83
2021-02-26,0,22
2021-02-26,1,0
2021-02-26,2,0
2021-02-26,3,7
2021-02-26,4,0
2021-02-26,5,6
2021-02-26,6,16
2021-02-26,7,30
2021-02-26,8,62
2021-02-26,9,80
2021-02-26,10,76
2021-02-26,11,75
2021-02-26,12,88
2021-02-26,13,84
2021-02-26,14,92
2021-02-26,15,88
2021-02-26,16,96
2021-02-26,17,128
2021-02-26,18,127
2021-02-26,19,139
2021-02-26,20,132
2021-02-26,21,101
2021-02-26,22,119
2021-02-26,23,87
2021-02-27,0,30
2021-02-27,1,0
2021-02-27,2,0
2021-02-27,3,0
2021-02-27,4,2
2021-02-27,5,0
2021-02-27,6,7
2021-02-27,7,26
2021-02-27,8,58
2021-02-27,9,75
2021-02-27,10,72
2021-02-27,11,72
2021-02-27,12,84
2021-02-27,13,114
2021-02-27,14,119
2021-02-27,15,109
2021-02-27,16,105
2021-02-27,17,124
2021-02-27,18,132
2021-02-27,19,101
2021-02-27,20,110
2021-02-27,21,119
2021-02-27,22,128
2021-02-27,23,115
2021-02-28,0,24
2021-02-28,1,11
2021-02-28,2,2
2021-02-28,3,3
2021-02-28,4,2
2021-02-28,5,3
2021-02-28,6,8
2021-02-28,7,31
2021-02-28,8,44
2021-02-28,9,75
2021-02-28,10,97
2021-02-28,11,109
2021-02-28,12,104
2021-02-28,13,127
2021-02-28,14,119
2021-02-28,15,105
2021-02-28,16,96
2021-02-28,17,96
2021-02-28,18,92
2021-02-28,19,88
2021-02-28,20,80
2021-02-28,21,66
2021-02-28,22,72
2021-02-28,23,62
2021-03-01,0,18
2021-03-01,1,5
2021-03-01,2,2
2021-03-01,3,2
2021-03-01,4,2
2021-03-01,5,3
2021-03-01,6,10
2021-03-01,7,25
2021-03-01,8,56
2021-03-01,9,54
2021-03-01,10,59
2021-03-01,11,67
2021-03-01,12,67
2021-03-01,13,62
2021-03-01,14,62
2021-03-01,15,52
2021-03-01,16,48
2021-03-01,17,71
2021-03-01,18,62
2021-03-01,19,57
2021-03-01,20,71
2021-03-01,21,62
2021-03-01,22,57
2021-03-01,23,48
2021-03-02,0,9
2021-03-02,1,0
2021-03-02,2,0
2021-03-02,3,1
2021-03-02,4,1
2021-03-02,5,4
2021-03-02,6,21
2021-03-02,7,28
2021-03-02,8,67
2021-03-02,9,75
2021-03-02,10,62
2021-03-02,11,72
2021-03-02,12,79
2021-03-02,13,62
2021-03-02,14,62
2021-03-02,15,61
2021-03-02,16,52
2021-03-02,17,62
2021-03-02,18,71
2021-03-02,19,57
2021-03-02,20,67
2021-03-02,21,67
2021-03-02,22,61
2021-03-02,23,52
2021-03-03,0,18
2021-03-03,1,2
2021-03-03,2,2
2021-03-03,3,3
2021-03-03,4,1
2021-03-03,5,1
2021-03-03,6,8
2021-03-03,7,22
2021-03-03,8,56
2021-03-03,9,50
2021-03-03,10,48
2021-03-03,11,55
2021-03-03,12,62
2021-03-03,13,52
2021-03-03,14,67
2021-03-03,15,72
2021-03-03,16,110
2021-03-03,17,88
2021-03-03,18,71
2021-03-03,19,84
2021-03-03,20,75
2021-03-03,21,67
2021-03-03,22,53
2021-03-03,23,52
2021-03-04,0,8
2021-03-04,1,0
2021-03-04,2,0
2021-03-04,3,0
2021-03-04,4,0
2021-03-04,5,0
2021-03-04,6,8
2021-03-04,7,21
2021-03-04,8,57
2021-03-04,9,76
2021-03-04,10,67
2021-03-04,11,71
2021-03-04,12,67
2021-03-04,13,57
2021-03-04,14,52
2021-03-04,15,67
2021-03-04,16,62
2021-03-04,17,76
2021-03-04,18,66
2021-03-04,19,62
2021-03-04,20,67
2021-03-04,21,80
2021-03-04,22,79
2021-03-04,23,84
2021-03-05,0,21
2021-03-05,1,0
2021-03-05,2,0
2021-03-05,3,0
2021-03-05,4,0
2021-03-05,5,0
2021-03-05,6,10
2021-03-05,7,25
2021-03-05,8,62
2021-03-05,9,79
2021-03-05,10,57
2021-03-05,11,41
2021-03-05,12,49
2021-03-05,13,42
2021-03-05,14,88
2021-03-05,15,87
2021-03-05,16,102
2021-03-05,17,124
2021-03-05,18,123
2021-03-05,19,146
2021-03-05,20,128
2021-03-05,21,97
2021-03-05,22,114
2021-03-05,23,92
2021-03-06,0,30
2021-03-06,1,1
2021-03-06,2,0
2021-03-06,3,0
2021-03-06,4,0
2021-03-06,5,0
2021-03-06,6,0
2021-03-06,7,26
2021-03-06,8,58
2021-03-06,9,75
2021-03-06,10,76
2021-03-06,11,72
2021-03-06,12,82
2021-03-06,13,118
2021-03-06,14,119
2021-03-06,15,110
2021-03-06,16,100
2021-03-06,17,127
2021-03-06,18,123
2021-03-06,19,101
2021-03-06,20,110
2021-03-06,21,123
2021-03-06,22,119
2021-03-06,23,115
2021-03-07,0,22
2021-03-07,1,3
2021-03-07,2,3
2021-03-07,3,2
2021-03-07,4,2
2021-03-07,5,4
2021-03-07,6,4
2021-03-07,7,19
2021-03-07,8,49
2021-03-07,9,71
2021-03-07,10,101
2021-03-07,11,109
2021-03-07,12,105
2021-03-07,13,132
2021-03-07,14,123
2021-03-07,15,101
2021-03-07,16,101
2021-03-07,17,105
2021-03-07,18,101
2021-03-07,19,92
2021-03-07,20,84
2021-03-07,21,76
2021-03-07,22,76
2021-03-07,23,62
2021-03-08,0,18
2021-03-08,1,1
2021-03-08,2,2
2021-03-08,3,0
2021-03-08,4,2
2021-03-08,5,5
2021-03-08,6,2
2021-03-08,7,24
2021-03-08,8,53
2021-03-08,9,80
2021-03-08,10,67
2021-03-08,11,62
2021-03-08,12,62
2021-03-08,13,57
2021-03-08,14,62
2021-03-08,15,39
2021-03-08,16,27
2021-03-08,17,29
2021-03-08,18,17
2021-03-08,19,22
2021-03-08,20,46
2021-03-08,21,66
2021-03-08,22,62
2021-03-08,23,44
2021-03-09,0,9
2021-03-09,1,4
2021-03-09,2,1
2021-03-09,3,0
2021-03-09,4,2
2021-03-09,5,4
2021-03-09,6,9
2021-03-09,7,25
2021-03-09,8,76
2021-03-09,9,72
2021-03-09,10,70
2021-03-09,11,66
2021-03-09,12,48
2021-03-09,13,52
2021-03-09,14,53
2021-03-09,15,57
2021-03-09,16,48
2021-03-09,17,57
2021-03-09,18,71
2021-03-09,19,57
2021-03-09,20,67
2021-03-09,21,67
2021-03-09,22,67
2021-03-09,23,52
2021-03-10,0,18
2021-03-10,1,0
2021-03-10,2,0
2021-03-10,3,2
2021-03-10,4,3
2021-03-10,5,3
2021-03-10,6,17
2021-03-10,7,23
2021-03-10,8,52
2021-03-10,9,67
2021-03-10,10,48
2021-03-10,11,41
2021-03-10,12,51
2021-03-10,13,62
2021-03-10,14,15
2021-03-10,15,0
2021-03-10,16,0
2021-03-10,17,0
2021-03-10,18,0
2021-03-10,19,0
2021-03-10,20,0
2021-03-10,21,0
2021-03-10,22,0
2021-03-10,23,0
2021-03-11,0,0
2021-03-11,1,0
2021-03-11,2,0
2021-03-11,3,0
2021-03-11,4,0
2021-03-11,5,0
2021-03-11,6,0
2021-03-11,7,22
2021-03-11,8,62
2021-03-11,9,76
2021-03-11,10,67
2021-03-11,11,66
2021-03-11,12,62
2021-03-11,13,62
2021-03-11,14,52
2021-03-11,15,57
2021-03-11,16,57
2021-03-11,17,76
2021-03-11,18,62
2021-03-11,19,62
2021-03-11,20,67
2021-03-11,21,80
2021-03-11,22,84
2021-03-11,23,83
2021-03-12,0,14
2021-03-12,1,5
2021-03-12,2,1
2021-03-12,3,1
2021-03-12,4,2
2021-03-12,5,5
2021-03-12,6,3
2021-03-12,7,27
2021-03-12,8,62
2021-03-12,9,84
2021-03-12,10,67
2021-03-12,11,66
2021-03-12,12,76
2021-03-12,13,84
2021-03-12,14,88
2021-03-12,15,96
2021-03-12,16,101
2021-03-12,17,129
2021-03-12,18,127
2021-03-12,19,141
2021-03-12,20,124
2021-03-12,21,101
2021-03-12,22,114
2021-03-12,23,87
2021-03-13,0,30
2021-03-13,1,3
2021-03-13,2,3
2021-03-13,3,1
2021-03-13,4,1
2021-03-13,5,4
2021-03-13,6,9
2021-03-13,7,23
2021-03-13,8,58
2021-03-13,9,75
2021-03-13,10,76
2021-03-13,11,72
2021-03-13,12,84
2021-03-13,13,118
2021-03-13,14,119
2021-03-13,15,115
2021-03-13,16,105
2021-03-13,17,131
2021-03-13,18,123
2021-03-13,19,101
2021-03-13,20,105
2021-03-13,21,118
2021-03-13,22,119
2021-03-13,23,115
2021-03-14,0,17
2021-03-14,1,4
2021-03-14,2,6
2021-03-14,3,2
2021-03-14,4,1
2021-03-14,5,2
2021-03-14,6,5
2021-03-14,7,26
2021-03-14,8,49
2021-03-14,9,66
2021-03-14,10,101
2021-03-14,11,113
2021-03-14,12,101
2021-03-14,13,127
2021-03-14,14,116
2021-03-14,15,96
2021-03-14,16,96
2021-03-14,17,97
2021-03-14,18,92
2021-03-14,19,92
2021-03-14,20,76
2021-03-14,21,86
2021-03-14,22,72
2021-03-14,23,62
2021-03-15,0,21
2021-03-15,1,3
2021-03-15,2,2
2021-03-15,3,3
2021-03-15,4,3
2021-03-15,5,5
2021-03-15,6,10
2021-03-15,7,23
2021-03-15,8,53
2021-03-15,9,76
2021-03-15,10,62
2021-03-15,11,57
2021-03-15,12,71
2021-03-15,13,67
2021-03-15,14,62
2021-03-15,15,52
2021-03-15,16,44
2021-03-15,17,53
2021-03-15,18,52
2021-03-15,19,52
2021-03-15,20,61
2021-03-15,21,62
2021-03-15,22,62
2021-03-15,23,48
2021-03-16,0,8
2021-03-16,1,0
2021-03-16,2,1
2021-03-16,3,1
2021-03-16,4,3
2021-03-16,5,1
2021-03-16,6,6
2021-03-16,7,14
2021-03-16,8,48
2021-03-16,9,56
2021-03-16,10,35
2021-03-16,11,42
2021-03-16,12,34
2021-03-16,13,38
2021-03-16,14,33
2021-03-16,15,29
2021-03-16,16,39
2021-03-16,17,36
2021-03-16,18,27
2021-03-16,19,40
2021-03-16,20,67
2021-03-16,21,67
2021-03-16,22,67
2021-03-16,23,52
2021-03-17,0,18
2021-03-17,1,1
2021-03-17,2,0
2021-03-17,3,3
2021-03-17,4,5
2021-03-17,5,6
2021-03-17,6,13
2021-03-17,7,20
2021-03-17,8,48
2021-03-17,9,72
2021-03-17,10,66
2021-03-17,11,52
2021-03-17,12,57
2021-03-17,13,57
2021-03-17,14,49
2021-03-17,15,39
2021-03-17,16,31
2021-03-17,17,33
2021-03-17,18,26
2021-03-17,19,57
2021-03-17,20,70
2021-03-17,21,72
2021-03-17,22,53
2021-03-17,23,52
2021-03-18,0,12
2021-03-18,1,8
2021-03-18,2,2
2021-03-18,3,1
2021-03-18,4,1
2021-03-18,5,1
2021-03-18,6,12
2021-03-18,7,21
2021-03-18,8,62
2021-03-18,9,76
2021-03-18,10,62
2021-03-18,11,66
2021-03-18,12,67
2021-03-18,13,57
2021-03-18,14,52
2021-03-18,15,62
2021-03-18,16,57
2021-03-18,17,80
2021-03-18,18,62
2021-03-18,19,62
2021-03-18,20,62
2021-03-18,21,76
2021-03-18,22,84
2021-03-18,23,88
2021-03-19,0,13
2021-03-19,1,4
2021-03-19,2,1
2021-03-19,3,2
2021-03-19,4,4
2021-03-19,5,3
2021-03-19,6,10
2021-03-19,7,28
2021-03-19,8,63
2021-03-19,9,80
2021-03-19,10,71
2021-03-19,11,67
2021-03-19,12,76
2021-03-19,13,80
2021-03-19,14,88
2021-03-19,15,96
2021-03-19,16,106
2021-03-19,17,128
2021-03-19,18,127
2021-03-19,19,150
2021-03-19,20,132
2021-03-19,21,101
2021-03-19,22,118
2021-03-19,23,96
2021-03-20,0,27
2021-03-20,1,2
2021-03-20,2,5
2021-03-20,3,2
2021-03-20,4,4
2021-03-20,5,3
2021-03-20,6,9
2021-03-20,7,26
2021-03-20,8,53
2021-03-20,9,75
2021-03-20,10,71
2021-03-20,11,72
2021-03-20,12,80
2021-03-20,13,114
2021-03-20,14,51
2021-03-20,15,23
2021-03-20,16,32
2021-03-20,17,102
2021-03-20,18,128
2021-03-20,19,105
2021-03-20,20,109
2021-03-20,21,118
2021-03-20,22,124
2021-03-20,23,115
2021-03-21,0,25
2021-03-21,1,4
2021-03-21,2,0
2021-03-21,3,0
2021-03-21,4,0
2021-03-21,5,0
2021-03-21,6,4
2021-03-21,7,21
2021-03-21,8,49
2021-03-21,9,75
2021-03-21,10,101
2021-03-21,11,113
2021-03-21,12,100
2021-03-21,13,127
2021-03-21,14,119
2021-03-21,15,101
2021-03-21,16,96
2021-03-21,17,101
2021-03-21,18,96
2021-03-21,19,92
2021-03-21,20,88
2021-03-21,21,71
2021-03-21,22,67
2021-03-21,23,62
2021-03-22,0,22
2021-03-22,1,3
2021-03-22,2,3
2021-03-22,3,1
2021-03-22,4,1
2021-03-22,5,5
2021-03-22,6,17
2021-03-22,7,25
2021-03-22,8,50
2021-03-22,9,76
2021-03-22,10,62
2021-03-22,11,62
2021-03-22,12,62
2021-03-22,13,62
2021-03-22,14,62
2021-03-22,15,52
2021-03-22,16,48
2021-03-22,17,53
2021-03-22,18,58
2021-03-22,19,52
2021-03-22,20,31
2021-03-22,21,67
2021-03-22,22,67
2021-03-22,23,48
2021-03-23,0,8
2021-03-23,1,4
2021-03-23,2,0
2021-03-23,3,2
2021-03-23,4,0
2021-03-23,5,3
2021-03-23,6,14
2021-03-23,7,26
2021-03-23,8,57
2021-03-23,9,71
2021-03-23,10,62
2021-03-23,11,52
2021-03-23,12,48
2021-03-23,13,57
2021-03-23,14,57
2021-03-23,15,57
2021-03-23,16,52
2021-03-23,17,52
2021-03-23,18,62
2021-03-23,19,57
2021-03-23,20,71
2021-03-23,21,67
2021-03-23,22,72
2021-03-23,23,52
2021-03-24,0,22
2021-03-24,1,2
2021-03-24,2,0
2021-03-24,3,1
2021-03-24,4,3
2021-03-24,5,9
2021-03-24,6,11
2021-03-24,7,20
2021-03-24,8,52
2021-03-24,9,72
2021-03-24,10,71
2021-03-24,11,52
2021-03-24,12,62
2021-03-24,13,57
2021-03-24,14,68
2021-03-24,15,62
2021-03-24,16,94
2021-03-24,17,80
2021-03-24,18,67
2021-03-24,19,75
2021-03-24,20,58
2021-03-24,21,62
2021-03-24,22,53
2021-03-24,23,52
2021-03-25,0,17
2021-03-25,1,4
2021-03-25,2,2
2021-03-25,3,1
2021-03-25,4,5
2021-03-25,5,4
2021-03-25,6,10
2021-03-25,7,18
2021-03-25,8,42
2021-03-25,9,44
2021-03-25,10,60
2021-03-25,11,33
2021-03-25,12,48
2021-03-25,13,50
2021-03-25,14,52
2021-03-25,15,62
2021-03-25,16,71
2021-03-25,17,76
2021-03-25,18,62
2021-03-25,19,67
2021-03-25,20,67
2021-03-25,21,80
2021-03-25,22,84
2021-03-25,23,79
2021-03-26,0,1
2021-03-26,1,3
2021-03-26,2,3
2021-03-26,3,0
2021-03-26,4,1
2021-03-26,5,1
2021-03-26,6,9
2021-03-26,7,30
2021-03-26,8,62
2021-03-26,9,80
2021-03-26,10,75
2021-03-26,11,66
2021-03-26,12,76
2021-03-26,13,84
2021-03-26,14,93
2021-03-26,15,92
2021-03-26,16,102
2021-03-26,17,142
2021-03-26,18,131
2021-03-26,19,142
2021-03-26,20,132
2021-03-26,21,101
2021-03-26,22,119
2021-03-26,23,96
2021-03-27,0,8
2021-03-27,1,3
2021-03-27,2,6
2021-03-27,3,5
2021-03-27,4,5
2021-03-27,5,3
2021-03-27,6,3
2021-03-27,7,23
2021-03-27,8,63
2021-03-27,9,73
2021-03-27,10,72
2021-03-27,11,76
2021-03-27,12,84
2021-03-27,13,118
2021-03-27,14,109
2021-03-27,15,96
2021-03-27,16,92
2021-03-27,17,123
2021-03-27,18,128
2021-03-27,19,105
2021-03-27,20,109
2021-03-27,21,118
2021-03-27,22,123
2021-03-27,23,114
2021-03-28,0,26
2021-03-28,1,0
2021-03-28,2,0
2021-03-28,3,0
2021-03-28,4,0
2021-03-28,5,5
2021-03-28,6,26
2021-03-28,7,44
2021-03-28,8,71
2021-03-28,9,96
2021-03-28,10,113
2021-03-28,11,130
2021-03-28,12,127
2021-03-28,13,123
2021-03-28,14,105
2021-03-28,15,96
2021-03-28,16,96
2021-03-28,17,96
2021-03-28,18,92
2021-03-28,19,80
2021-03-28,20,71
2021-03-28,21,72
2021-03-28,22,57
2021-03-28,23,18
2021-03-29,0,0
2021-03-29,1,0
2021-03-29,2,0
2021-03-29,3,0
2021-03-29,4,0
2021-03-29,5,12
2021-03-29,6,26
2021-03-29,7,53
2021-03-29,8,80
2021-03-29,9,67
2021-03-29,10,67
2021-03-29,11,67
2021-03-29,12,62
2021-03-29,13,67
2021-03-29,14,52
2021-03-29,15,40
2021-03-29,16,53
2021-03-29,17,62
2021-03-29,18,52
2021-03-29,19,58
2021-03-29,20,62
2021-03-29,21,62
2021-03-29,22,44
2021-03-29,23,17
2021-03-30,0,3
2021-03-30,1,2
2021-03-30,2,0
2021-03-30,3,2
2021-03-30,4,6
2021-03-30,5,12
2021-03-30,6,12
2021-03-30,7,62
2021-03-30,8,64
2021-03-30,9,59
2021-03-30,10,62
2021-03-30,11,0
2021-03-30,12,16
2021-03-30,13,43
2021-03-30,14,40
2021-03-30,15,47
2021-03-30,16,36
2021-03-30,17,29
2021-03-30,18,31
2021-03-30,19,62
2021-03-30,20,57
2021-03-30,21,52
2021-03-30,22,48
2021-03-30,23,14
2021-03-31,0,3
2021-03-31,1,2
2021-03-31,2,2
2021-03-31,3,0
2021-03-31,4,5
2021-03-31,5,6
2021-03-31,6,21
2021-03-31,7,52
2021-03-31,8,67
2021-03-31,9,66
2021-03-31,10,57
2021-03-31,11,57
2021-03-31,12,57
2021-03-31,13,67
2021-03-31,14,62
2021-03-31,15,98
2021-03-31,16,76
2021-03-31,17,67
2021-03-31,18,79
2021-03-31,19,67
2021-03-31,20,67
2021-03-31,21,53
2021-03-31,22,52
2021-03-31,23,16
2021-04-01,0,2
2021-04-01,1,0
2021-04-01,2,0
2021-04-01,3,0
2021-04-01,4,0
2021-04-01,5,9
2021-04-01,6,22
2021-04-01,7,54
2021-04-01,8,62
2021-04-01,9,41
2021-04-01,10,34
2021-04-01,11,66
2021-04-01,12,62
2021-04-01,13,52
2021-04-01,14,62
2021-04-01,15,66
2021-04-01,16,76
2021-04-01,17,62
2021-04-01,18,62
2021-04-01,19,67
2021-04-01,20,84
2021-04-01,21,88
2021-04-01,22,88
2021-04-01,23,8
2021-04-02,0,0
2021-04-02,1,0
2021-04-02,2,0
2021-04-02,3,0
2021-04-02,4,4
2021-04-02,5,7
2021-04-02,6,30
2021-04-02,7,66
2021-04-02,8,76
2021-04-02,9,71
2021-04-02,10,67
2021-04-02,11,76
2021-04-02,12,80
2021-04-02,13,88
2021-04-02,14,92
2021-04-02,15,104
2021-04-02,16,124
2021-04-02,17,123
2021-04-02,18,141
2021-04-02,19,128
2021-04-02,20,101
2021-04-02,21,114
2021-04-02,22,92
2021-04-02,23,2
2021-04-03,0,1
2021-04-03,1,6
2021-04-03,2,5
2021-04-03,3,1
2021-04-03,4,4
2021-04-03,5,4
2021-04-03,6,23
2021-04-03,7,48
2021-04-03,8,70
2021-04-03,9,76
2021-04-03,10,72
2021-04-03,11,84
2021-04-03,12,114
2021-04-03,13,109
2021-04-03,14,96
2021-04-03,15,88
2021-04-03,16,122
2021-04-03,17,128
2021-04-03,18,106
2021-04-03,19,105
2021-04-03,20,118
2021-04-03,21,124
2021-04-03,22,119
2021-04-03,23,16
2021-04-04,0,6
2021-04-04,1,4
2021-04-04,2,5
2021-04-04,3,4
2021-04-04,4,1
2021-04-04,5,8
2021-04-04,6,24
2021-04-04,7,49
2021-04-04,8,71
2021-04-04,9,101
2021-04-04,10,114
2021-04-04,11,105
2021-04-04,12,127
2021-04-04,13,123
2021-04-04,14,101
2021-04-04,15,96
2021-04-04,16,92
2021-04-04,17,92
2021-04-04,18,92
2021-04-04,19,76
2021-04-04,20,66
2021-04-04,21,72
2021-04-04,22,62
2021-04-04,23,17
2021-04-05,0,1
2021-04-05,1,2
2021-04-05,2,3
2021-04-05,3,2
2021-04-05,4,3
2021-04-05,5,8
2021-04-05,6,26
2021-04-05,7,53
2021-04-05,8,72
2021-04-05,9,67
2021-04-05,10,67
2021-04-05,11,62
2021-04-05,12,57
2021-04-05,13,57
2021-04-05,14,48
2021-04-05,15,44
2021-04-05,16,53
2021-04-05,17,57
2021-04-05,18,52
2021-04-05,19,62
2021-04-05,20,67
2021-04-05,21,62
2021-04-05,22,44
2021-04-05,23,4
2021-04-06,0,6
2021-04-06,1,3
2021-04-06,2,1
2021-04-06,3,2
2021-04-06,4,2
2021-04-06,5,4
2021-04-06,6,21
2021-04-06,7,62
2021-04-06,8,61
2021-04-06,9,66
2021-04-06,10,57
2021-04-06,11,42
2021-04-06,12,32
2021-04-06,13,50
2021-04-06,14,52
2021-04-06,15,52
2021-04-06,16,52
2021-04-06,17,53
2021-04-06,18,53
2021-04-06,19,67
2021-04-06,20,67
2021-04-06,21,67
2021-04-06,22,52
2021-04-06,23,12
2021-04-07,0,1
2021-04-07,1,5
2021-04-07,2,1
2021-04-07,3,0
2021-04-07,4,2
2021-04-07,5,14
2021-04-07,6,21
2021-04-07,7,52
2021-04-07,8,67
2021-04-07,9,66
2021-04-07,10,62
2021-04-07,11,57
2021-04-07,12,67
2021-04-07,13,67
2021-04-07,14,62
2021-04-07,15,93
2021-04-07,16,84
2021-04-07,17,67
2021-04-07,18,79
2021-04-07,19,67
2021-04-07,20,67
2021-04-07,21,57
2021-04-07,22,52
2021-04-07,23,8
2021-04-08,0,2
2021-04-08,1,1
2021-04-08,2,4
2021-04-08,3,3
2021-04-08,4,1
2021-04-08,5,10
2021-04-08,6,27
2021-04-08,7,42
2021-04-08,8,63
2021-04-08,9,46
2021-04-08,10,45
2021-04-08,11,53
2021-04-08,12,58
2021-04-08,13,47
2021-04-08,14,52
2021-04-08,15,56
2021-04-08,16,51
2021-04-08,17,42
2021-04-08,18,41
2021-04-08,19,67
2021-04-08,20,80
2021-04-08,21,84
2021-04-08,22,83
2021-04-08,23,11
2021-04-09,0,3
2021-04-09,1,4
2021-04-09,2,1
2021-04-09,3,2
2021-04-09,4,9
2021-04-09,5,14
2021-04-09,6,26
2021-04-09,7,52
2021-04-09,8,67
2021-04-09,9,80
2021-04-09,10,67
2021-04-09,11,76
2021-04-09,12,88
2021-04-09,13,100
2021-04-09,14,96
2021-04-09,15,102
2021-04-09,16,137
2021-04-09,17,127
2021-04-09,18,150
2021-04-09,19,128
2021-04-09,20,93
2021-04-09,21,109
2021-04-09,22,87
2021-04-09,23,17
2021-04-10,0,2
2021-04-10,1,0
2021-04-10,2,0
2021-04-10,3,0
2021-04-10,4,0
2021-04-10,5,8
2021-04-10,6,26
2021-04-10,7,58
2021-04-10,8,75
2021-04-10,9,76
2021-04-10,10,72
2021-04-10,11,84
2021-04-10,12,122
2021-04-10,13,114
2021-04-10,14,96
2021-04-10,15,96
2021-04-10,16,122
2021-04-10,17,119
2021-04-10,18,101
2021-04-10,19,109
2021-04-10,20,118
2021-04-10,21,119
2021-04-10,22,115
2021-04-10,23,17
2021-04-11,0,4
2021-04-11,1,5
2021-04-11,2,6
2021-04-11,3,2
2021-04-11,4,1
2021-04-11,5,7
2021-04-11,6,31
2021-04-11,7,49
2021-04-11,8,75
2021-04-11,9,97
2021-04-11,10,118
2021-04-11,11,45
2021-04-11,12,122
2021-04-11,13,127
2021-04-11,14,105
2021-04-11,15,101
2021-04-11,16,101
2021-04-11,17,96
2021-04-11,18,92
2021-04-11,19,84
2021-04-11,20,67
2021-04-11,21,72
2021-04-11,22,62
2021-04-11,23,22
2021-04-12,0,0
2021-04-12,1,0
2021-04-12,2,0
2021-04-12,3,0
2021-04-12,4,0
2021-04-12,5,12
2021-04-12,6,26
2021-04-12,7,52
2021-04-12,8,80
2021-04-12,9,67
2021-04-12,10,43
2021-04-12,11,46
2021-04-12,12,49
2021-04-12,13,44
2021-04-12,14,50
2021-04-12,15,48
2021-04-12,16,46
2021-04-12,17,34
2021-04-12,18,57
2021-04-12,19,58
2021-04-12,20,62
2021-04-12,21,62
2021-04-12,22,48
2021-04-12,23,4
2021-04-13,0,0
2021-04-13,1,1
2021-04-13,2,4
2021-04-13,3,4
2021-04-13,4,5
2021-04-13,5,15
2021-04-13,6,21
2021-04-13,7,65
2021-04-13,8,46
2021-04-13,9,52
2021-04-13,10,39
2021-04-13,11,46
2021-04-13,12,52
2021-04-13,13,43
2021-04-13,14,45
2021-04-13,15,49
2021-04-13,16,41
2021-04-13,17,38
2021-04-13,18,36
2021-04-13,19,33
2021-04-13,20,67
2021-04-13,21,67
2021-04-13,22,52
2021-04-13,23,18
2021-04-14,0,1
2021-04-14,1,2
2021-04-14,2,0
2021-04-14,3,4
2021-04-14,4,4
2021-04-14,5,9
2021-04-14,6,21
2021-04-14,7,52
2021-04-14,8,72
2021-04-14,9,70
2021-04-14,10,62
2021-04-14,11,75
2021-04-14,12,62
2021-04-14,13,67
2021-04-14,14,67
2021-04-14,15,113
2021-04-14,16,84
2021-04-14,17,67
2021-04-14,18,75
2021-04-14,19,66
2021-04-14,20,62
2021-04-14,21,53
2021-04-14,22,52
2021-04-14,23,17
2021-04-15,0,0
2021-04-15,1,4
2021-04-15,2,3
2021-04-15,3,1
2021-04-15,4,6
2021-04-15,5,7
2021-04-15,6,24
2021-04-15,7,57
2021-04-15,8,76
2021-04-15,9,52
2021-04-15,10,62
2021-04-15,11,62
2021-04-15,12,57
2021-04-15,13,52
2021-04-15,14,62
2021-04-15,15,67
2021-04-15,16,76
2021-04-15,17,62
2021-04-15,18,62
2021-04-15,19,62
2021-04-15,20,80
2021-04-15,21,88
2021-04-15,22,83
2021-04-15,23,8
2021-04-16,0,0
2021-04-16,1,0
2021-04-16,2,0
2021-04-16,3,0
2021-04-16,4,0
2021-04-16,5,8
2021-04-16,6,30
2021-04-16,7,62
2021-04-16,8,82
2021-04-16,9,80
2021-04-16,10,75
2021-04-16,11,80
2021-04-16,12,84
2021-04-16,13,96
2021-04-16,14,96
2021-04-16,15,101
2021-04-16,16,142
2021-04-16,17,131
2021-04-16,18,146
2021-04-16,19,132
2021-04-16,20,92
2021-04-16,21,114
2021-04-16,22,97
2021-04-16,23,18
2021-04-17,0,7
2021-04-17,1,5
2021-04-17,2,1
2021-04-17,3,2
2021-04-17,4,2
2021-04-17,5,3
2021-04-17,6,26
2021-04-17,7,63
2021-04-17,8,75
2021-04-17,9,71
2021-04-17,10,76
2021-04-17,11,88
2021-04-17,12,123
2021-04-17,13,114
2021-04-17,14,96
2021-04-17,15,101
2021-04-17,16,132
2021-04-17,17,132
2021-04-17,18,110
2021-04-17,19,109
2021-04-17,20,118
2021-04-17,21,119
2021-04-17,22,119
2021-04-17,23,17
2021-04-18,0,3
2021-04-18,1,5
2021-04-18,2,3
2021-04-18,3,3
2021-04-18,4,4
2021-04-18,5,8
2021-04-18,6,26
2021-04-18,7,44
2021-04-18,8,75
2021-04-18,9,100
2021-04-18,10,118
2021-04-18,11,92
2021-04-18,12,132
2021-04-18,13,119
2021-04-18,14,105
2021-04-18,15,101
2021-04-18,16,100
2021-04-18,17,92
2021-04-18,18,92
2021-04-18,19,80
2021-04-18,20,71
2021-04-18,21,72
2021-04-18,22,62
2021-04-18,23,22
2021-04-19,0,3
2021-04-19,1,7
2021-04-19,2,2
2021-04-19,3,1
2021-04-19,4,6
2021-04-19,5,6
2021-04-19,6,26
2021-04-19,7,53
2021-04-19,8,80
2021-04-19,9,71
2021-04-19,10,52
2021-04-19,11,61
2021-04-19,12,62
2021-04-19,13,57
2021-04-19,14,52
2021-04-19,15,48
2021-04-19,16,57
2021-04-19,17,52
2021-04-19,18,53
2021-04-19,19,58
2021-04-19,20,62
2021-04-19,21,67
2021-04-19,22,43
2021-04-19,23,8
2021-04-20,0,0
2021-04-20,1,0
2021-04-20,2,0
2021-04-20,3,0
2021-04-20,4,0
2021-04-20,5,12
2021-04-20,6,21
2021-04-20,7,62
2021-04-20,8,66
2021-04-20,9,66
2021-04-20,10,57
2021-04-20,11,48
2021-04-20,12,48
2021-04-20,13,42
2021-04-20,14,42
2021-04-20,15,34
2021-04-20,16,46
2021-04-20,17,36
2021-04-20,18,39
2021-04-20,19,47
2021-04-20,20,67
2021-04-20,21,67
2021-04-20,22,57
2021-04-20,23,16
2021-04-21,0,2
2021-04-21,1,0
2021-04-21,2,0
2021-04-21,3,0
2021-04-21,4,0
2021-04-21,5,22
2021-04-21,6,21
2021-04-21,7,52
2021-04-21,8,76
2021-04-21,9,66
2021-04-21,10,57
2021-04-21,11,62
2021-04-21,12,67
2021-04-21,13,67
2021-04-21,14,72
2021-04-21,15,98
2021-04-21,16,88
2021-04-21,17,67
2021-04-21,18,75
2021-04-21,19,71
2021-04-21,20,72
2021-04-21,21,53
2021-04-21,22,52
2021-04-21,23,13
2021-04-22,0,1
2021-04-22,1,0
2021-04-22,2,0
2021-04-22,3,0
2021-04-22,4,0
2021-04-22,5,8
2021-04-22,6,21
2021-04-22,7,52
2021-04-22,8,72
2021-04-22,9,52
2021-04-22,10,53
2021-04-22,11,62
2021-04-22,12,62
2021-04-22,13,57
2021-04-22,14,62
2021-04-22,15,67
2021-04-22,16,72
2021-04-22,17,62
2021-04-22,18,57
2021-04-22,19,62
2021-04-22,20,84
2021-04-22,21,84
2021-04-22,22,83
2021-04-22,23,10
2021-04-23,0,2
2021-04-23,1,2
2021-04-23,2,2
2021-04-23,3,1
2021-04-23,4,2
2021-04-23,5,16
2021-04-23,6,30
2021-04-23,7,62
2021-04-23,8,82
2021-04-23,9,50
2021-04-23,10,43
2021-04-23,11,52
2021-04-23,12,42
2021-04-23,13,54
2021-04-23,14,50
2021-04-23,15,51
2021-04-23,16,33
2021-04-23,17,123
2021-04-23,18,142
2021-04-23,19,132
2021-04-23,20,100
2021-04-23,21,123
2021-04-23,22,92
2021-04-23,23,22
2021-04-24,0,3
2021-04-24,1,3
2021-04-24,2,4
2021-04-24,3,5
2021-04-24,4,3
2021-04-24,5,14
2021-04-24,6,23
2021-04-24,7,63
2021-04-24,8,80
2021-04-24,9,76
2021-04-24,10,72
2021-04-24,11,84
2021-04-24,12,123
2021-04-24,13,110
2021-04-24,14,96
2021-04-24,15,97
2021-04-24,16,127
2021-04-24,17,128
2021-04-24,18,105
2021-04-24,19,109
2021-04-24,20,128
2021-04-24,21,132
2021-04-24,22,119
2021-04-24,23,22
2021-04-25,0,3
2021-04-25,1,5
2021-04-25,2,4
2021-04-25,3,4
2021-04-25,4,4
2021-04-25,5,8
2021-04-25,6,26
2021-04-25,7,44
2021-04-25,8,71
2021-04-25,9,97
2021-04-25,10,114
2021-04-25,11,96
2021-04-25,12,132
2021-04-25,13,119
2021-04-25,14,105
2021-04-25,15,100
2021-04-25,16,92
2021-04-25,17,87
2021-04-25,18,56
2021-04-25,19,80
2021-04-25,20,71
2021-04-25,21,76
2021-04-25,22,62
2021-04-25,23,22
2021-04-26,0,1
2021-04-26,1,4
2021-04-26,2,3
2021-04-26,3,0
2021-04-26,4,5
2021-04-26,5,19
2021-04-26,6,26
2021-04-26,7,53
2021-04-26,8,88
2021-04-26,9,71
2021-04-26,10,61
2021-04-26,11,70
2021-04-26,12,73
2021-04-26,13,67
2021-04-26,14,62
2021-04-26,15,57
2021-04-26,16,62
2021-04-26,17,67
2021-04-26,18,57
2021-04-26,19,58
2021-04-26,20,62
2021-04-26,21,62
2021-04-26,22,48
2021-04-26,23,4
2021-04-27,0,0
2021-04-27,1,0
2021-04-27,2,0
2021-04-27,3,0
2021-04-27,4,0
2021-04-27,5,12
2021-04-27,6,21
2021-04-27,7,62
2021-04-27,8,71
2021-04-27,9,66
2021-04-27,10,61
2021-04-27,11,62
2021-04-27,12,57
2021-04-27,13,48
2021-04-27,14,52
2021-04-27,15,52
2021-04-27,16,52
2021-04-27,17,53
2021-04-27,18,52
2021-04-27,19,66
2021-04-27,20,67
2021-04-27,21,67
2021-04-27,22,23
2021-04-27,23,16
2021-04-28,0,2
2021-04-28,1,2
2021-04-28,2,0
2021-04-28,3,2
2021-04-28,4,5
2021-04-28,5,23
2021-04-28,6,26
2021-04-28,7,60
2021-04-28,8,75
2021-04-28,9,75
2021-04-28,10,72
2021-04-28,11,72
2021-04-28,12,67
2021-04-28,13,67
2021-04-28,14,76
2021-04-28,15,98
2021-04-28,16,84
2021-04-28,17,71
2021-04-28,18,58
2021-04-28,19,38
2021-04-28,20,45
2021-04-28,21,53
2021-04-28,22,62
2021-04-28,23,19
2021-04-29,0,10
2021-04-29,1,2
2021-04-29,2,5
2021-04-29,3,5
2021-04-29,4,4
2021-04-29,5,14
2021-04-29,6,19
2021-04-29,7,57
2021-04-29,8,74
2021-04-29,9,60
2021-04-29,10,51
2021-04-29,11,55
2021-04-29,12,67
2021-04-29,13,56
2021-04-29,14,70
2021-04-29,15,59
2021-04-29,16,76
2021-04-29,17,62
2021-04-29,18,57
2021-04-29,19,54
2021-04-29,20,76
2021-04-29,21,79
2021-04-29,22,64
2021-04-29,23,6
2021-04-30,0,3
2021-04-30,1,0
2021-04-30,2,0
2021-04-30,3,0
2021-04-30,4,0
2021-04-30,5,16
2021-04-30,6,30
2021-04-30,7,71
2021-04-30,8,84
2021-04-30,9,57
2021-04-30,10,79
2021-04-30,11,77
2021-04-30,12,84
2021-04-30,13,117
2021-04-30,14,96
2021-04-30,15,105
2021-04-30,16,133
2021-04-30,17,159
2021-04-30,18,158
2021-04-30,19,145
2021-04-30,20,100
2021-04-30,21,118
2021-04-30,22,101
2021-04-30,23,33
2021-05-01,0,14
2021-05-01,1,9
2021-05-01,2,9
2021-05-01,3,6
2021-05-01,4,8
2021-05-01,5,14
2021-05-01,6,22
2021-05-01,7,58
2021-05-01,8,75
2021-05-01,9,80
2021-05-01,10,98
2021-05-01,11,156
2021-05-01,12,153
2021-05-01,13,119
2021-05-01,14,108
2021-05-01,15,109
2021-05-01,16,132
2021-05-01,17,141
2021-05-01,18,110
2021-05-01,19,114
2021-05-01,20,137
2021-05-01,21,123
2021-05-01,22,102
2021-05-01,23,33
2021-05-02,0,17
2021-05-02,1,10
2021-05-02,2,8
2021-05-02,3,2
2021-05-02,4,0
2021-05-02,5,9
2021-05-02,6,26
2021-05-02,7,49
2021-05-02,8,75
2021-05-02,9,100
2021-05-02,10,123
2021-05-02,11,100
2021-05-02,12,146
2021-05-02,13,131
2021-05-02,14,110
2021-05-02,15,110
2021-05-02,16,107
2021-05-02,17,101
2021-05-02,18,88
2021-05-02,19,84
2021-05-02,20,76
2021-05-02,21,76
2021-05-02,22,62
2021-05-02,23,23
2021-05-03,0,2
2021-05-03,1,4
2021-05-03,2,2
2021-05-03,3,8
2021-05-03,4,6
2021-05-03,5,12
2021-05-03,6,25
2021-05-03,7,53
2021-05-03,8,76
2021-05-03,9,67
2021-05-03,10,57
2021-05-03,11,66
2021-05-03,12,75
2021-05-03,13,71
2021-05-03,14,57
2021-05-03,15,52
2021-05-03,16,57
2021-05-03,17,52
2021-05-03,18,57
2021-05-03,19,62
2021-05-03,20,62
2021-05-03,21,67
2021-05-03,22,44
2021-05-03,23,4
2021-05-04,0,3
2021-05-04,1,2
2021-05-04,2,1
2021-05-04,3,1
2021-05-04,4,6
2021-05-04,5,14
2021-05-04,6,29
2021-05-04,7,66
2021-05-04,8,90
2021-05-04,9,66
2021-05-04,10,67
2021-05-04,11,57
2021-05-04,12,57
2021-05-04,13,52
2021-05-04,14,52
2021-05-04,15,52
2021-05-04,16,52
2021-05-04,17,57
2021-05-04,18,52
2021-05-04,19,57
2021-05-04,20,60
2021-05-04,21,67
2021-05-04,22,52
2021-05-04,23,25
2021-05-05,0,2
2021-05-05,1,2
2021-05-05,2,4
2021-05-05,3,4
2021-05-05,4,7
2021-05-05,5,17
2021-05-05,6,25
2021-05-05,7,52
2021-05-05,8,79
2021-05-05,9,75
2021-05-05,10,70
2021-05-05,11,76
2021-05-05,12,67
2021-05-05,13,67
2021-05-05,14,76
2021-05-05,15,110
2021-05-05,16,82
2021-05-05,17,72
2021-05-05,18,84
2021-05-05,19,62
2021-05-05,20,56
2021-05-05,21,57
2021-05-05,22,57
2021-05-05,23,5
2021-05-06,0,2
2021-05-06,1,2
2021-05-06,2,2
2021-05-06,3,5
2021-05-06,4,9
2021-05-06,5,14
2021-05-06,6,25
2021-05-06,7,59
2021-05-06,8,54
2021-05-06,9,61
2021-05-06,10,57
2021-05-06,11,66
2021-05-06,12,75
2021-05-06,13,57
2021-05-06,14,76
2021-05-06,15,75
2021-05-06,16,80
2021-05-06,17,67
2021-05-06,18,67
2021-05-06,19,71
2021-05-06,20,88
2021-05-06,21,92
2021-05-06,22,79
2021-05-06,23,12
2021-05-07,0,4
2021-05-07,1,4
2021-05-07,2,1
2021-05-07,3,3
2021-05-07,4,2
2021-05-07,5,11
2021-05-07,6,28
2021-05-07,7,57
2021-05-07,8,98
2021-05-07,9,57
2021-05-07,10,67
2021-05-07,11,88
2021-05-07,12,84
2021-05-07,13,84
2021-05-07,14,96
2021-05-07,15,105
2021-05-07,16,128
2021-05-07,17,146
2021-05-07,18,150
2021-05-07,19,144
2021-05-07,20,101
2021-05-07,21,123
2021-05-07,22,96
2021-05-07,23,23
2021-05-08,0,7
2021-05-08,1,7
2021-05-08,2,0
2021-05-08,3,8
2021-05-08,4,3
2021-05-08,5,3
2021-05-08,6,23
2021-05-08,7,63
2021-05-08,8,75
2021-05-08,9,88
2021-05-08,10,84
2021-05-08,11,114
2021-05-08,12,150
2021-05-08,13,132
2021-05-08,14,118
2021-05-08,15,109
2021-05-08,16,141
2021-05-08,17,141
2021-05-08,18,105
2021-05-08,19,114
2021-05-08,20,118
2021-05-08,21,136
2021-05-08,22,111
2021-05-08,23,19
2021-05-09,0,11
2021-05-09,1,8
2021-05-09,2,5
2021-05-09,3,2
2021-05-09,4,2
2021-05-09,5,4
2021-05-09,6,26
2021-05-09,7,44
2021-05-09,8,76
2021-05-09,9,105
2021-05-09,10,128
2021-05-09,11,105
2021-05-09,12,138
2021-05-09,13,65
2021-05-09,14,58
2021-05-09,15,54
2021-05-09,16,74
2021-05-09,17,96
2021-05-09,18,88
2021-05-09,19,84
2021-05-09,20,71
2021-05-09,21,72
2021-05-09,22,62
2021-05-09,23,24
2021-05-10,0,2
2021-05-10,1,2
2021-05-10,2,1
2021-05-10,3,5
2021-05-10,4,9
2021-05-10,5,16
2021-05-10,6,27
2021-05-10,7,57
2021-05-10,8,80
2021-05-10,9,67
2021-05-10,10,67
2021-05-10,11,55
2021-05-10,12,55
2021-05-10,13,61
2021-05-10,14,67
2021-05-10,15,55
2021-05-10,16,64
2021-05-10,17,52
2021-05-10,18,52
2021-05-10,19,66
2021-05-10,20,67
2021-05-10,21,72
2021-05-10,22,59
2021-05-10,23,15
2021-05-11,0,4
2021-05-11,1,1
2021-05-11,2,4
2021-05-11,3,5
2021-05-11,4,4
2021-05-11,5,10
2021-05-11,6,21
2021-05-11,7,70
2021-05-11,8,75
2021-05-11,9,66
2021-05-11,10,62
2021-05-11,11,48
2021-05-11,12,48
2021-05-11,13,48
2021-05-11,14,52
2021-05-11,15,52
2021-05-11,16,52
2021-05-11,17,48
2021-05-11,18,52
2021-05-11,19,58
2021-05-11,20,67
2021-05-11,21,67
2021-05-11,22,52
2021-05-11,23,11
2021-05-12,0,4
2021-05-12,1,4
2021-05-12,2,3
2021-05-12,3,2
2021-05-12,4,2
2021-05-12,5,13
2021-05-12,6,22
2021-05-12,7,52
2021-05-12,8,72
2021-05-12,9,75
2021-05-12,10,67
2021-05-12,11,67
2021-05-12,12,62
2021-05-12,13,71
2021-05-12,14,72
2021-05-12,15,98
2021-05-12,16,84
2021-05-12,17,76
2021-05-12,18,80
2021-05-12,19,57
2021-05-12,20,62
2021-05-12,21,57
2021-05-12,22,52
2021-05-12,23,11
2021-05-13,0,4
2021-05-13,1,2
2021-05-13,2,0
2021-05-13,3,0
2021-05-13,4,0
2021-05-13,5,9
2021-05-13,6,18
2021-05-13,7,57
2021-05-13,8,76
2021-05-13,9,56
2021-05-13,10,66
2021-05-13,11,62
2021-05-13,12,71
2021-05-13,13,57
2021-05-13,14,61
2021-05-13,15,69
2021-05-13,16,76
2021-05-13,17,66
2021-05-13,18,62
2021-05-13,19,76
2021-05-13,20,80
2021-05-13,21,88
2021-05-13,22,87
2021-05-13,23,19
2021-05-14,0,6
2021-05-14,1,2
2021-05-14,2,1
2021-05-14,3,4
2021-05-14,4,9
2021-05-14,5,18
2021-05-14,6,31
2021-05-14,7,72
2021-05-14,8,84
2021-05-14,9,70
2021-05-14,10,75
2021-05-14,11,76
2021-05-14,12,74
2021-05-14,13,80
2021-05-14,14,89
2021-05-14,15,92
2021-05-14,16,122
2021-05-14,17,140
2021-05-14,18,159
2021-05-14,19,108
2021-05-14,20,105
2021-05-14,21,132
2021-05-14,22,100
2021-05-14,23,26
2021-05-15,0,9
2021-05-15,1,2
2021-05-15,2,6
2021-05-15,3,2
2021-05-15,4,0
2021-05-15,5,12
2021-05-15,6,26
2021-05-15,7,63
2021-05-15,8,80
2021-05-15,9,84
2021-05-15,10,96
2021-05-15,11,109
2021-05-15,12,155
2021-05-15,13,127
2021-05-15,14,115
2021-05-15,15,121
2021-05-15,16,154
2021-05-15,17,155
2021-05-15,18,118
2021-05-15,19,118
2021-05-15,20,137
2021-05-15,21,132
2021-05-15,22,118
2021-05-15,23,30
2021-05-16,0,11
2021-05-16,1,10
2021-05-16,2,6
2021-05-16,3,3
2021-05-16,4,3
2021-05-16,5,11
2021-05-16,6,23
2021-05-16,7,44
2021-05-16,8,75
2021-05-16,9,93
2021-05-16,10,118
2021-05-16,11,105
2021-05-16,12,142
2021-05-16,13,127
2021-05-16,14,119
2021-05-16,15,106
2021-05-16,16,97
2021-05-16,17,97
2021-05-16,18,92
2021-05-16,19,84
2021-05-16,20,71
2021-05-16,21,72
2021-05-16,22,62
2021-05-16,23,22
2021-05-17,0,8
2021-05-17,1,2
2021-05-17,2,4
2021-05-17,3,2
2021-05-17,4,8
2021-05-17,5,13
2021-05-17,6,24
2021-05-17,7,57
2021-05-17,8,88
2021-05-17,9,67
2021-05-17,10,62
2021-05-17,11,66
2021-05-17,12,67
2021-05-17,13,62
2021-05-17,14,57
2021-05-17,15,48
2021-05-17,16,57
2021-05-17,17,52
2021-05-17,18,52
2021-05-17,19,62
2021-05-17,20,67
2021-05-17,21,62
2021-05-17,22,48
2021-05-17,23,4
2021-05-18,0,5
2021-05-18,1,2
2021-05-18,2,2
2021-05-18,3,1
2021-05-18,4,5
2021-05-18,5,12
2021-05-18,6,21
2021-05-18,7,62
2021-05-18,8,71
2021-05-18,9,66
2021-05-18,10,57
2021-05-18,11,57
2021-05-18,12,52
2021-05-18,13,48
2021-05-18,14,52
2021-05-19,15,93
2021-05-19,16,88
2021-05-19,17,72
2021-05-19,18,76
2021-05-19,19,58
2021-05-19,20,52
2021-05-19,21,53
2021-05-19,22,52
2021-05-19,23,18
2021-05-20,0,1
2021-05-20,1,3
2021-05-20,2,2
2021-05-20,3,2
2021-05-20,4,2
2021-05-20,5,7
2021-05-20,6,21
2021-05-20,7,52
2021-05-20,8,76
2021-05-20,9,60
2021-05-20,10,58
2021-05-20,11,62
2021-05-20,12,72
2021-05-20,13,57
2021-05-20,14,67
2021-05-20,15,65
2021-05-20,16,67
2021-05-20,17,59
2021-05-20,18,57
2021-05-20,19,67
2021-05-20,20,76
2021-05-20,21,92
2021-05-20,22,79
2021-05-20,23,6
2021-05-21,0,4
2021-05-21,1,1
2021-05-21,2,1
2021-05-21,3,3
2021-05-21,4,8
2021-05-21,5,13
2021-05-21,6,31
2021-05-21,7,65
2021-05-21,8,83
2021-05-21,9,59
2021-05-21,10,74
2021-05-21,11,80
2021-05-21,12,80
2021-05-21,13,93
2021-05-21,14,92
2021-05-21,15,100
2021-05-21,16,122
2021-05-21,17,136
2021-05-21,18,154
2021-05-21,19,136
2021-05-21,20,97
2021-05-21,21,124
2021-05-21,22,106
2021-05-21,23,27
2021-05-22,0,13
2021-05-22,1,4
2021-05-22,2,6
2021-05-22,3,6
2021-05-22,4,6
2021-05-22,5,13
2021-05-22,6,24
2021-05-22,7,63
2021-05-22,8,75
2021-05-22,9,80
2021-05-22,10,84
2021-05-22,11,105
2021-05-22,12,132
2021-05-22,13,109
2021-05-22,14,101
2021-05-22,15,95
2021-05-22,16,137
2021-05-22,17,136
2021-05-22,18,105
2021-05-22,19,114
2021-05-22,20,127
2021-05-22,21,123
2021-05-22,22,98
2021-05-22,23,12
2021-05-23,0,14
2021-05-23,1,0
2021-05-23,2,0
2021-05-23,3,0
2021-05-23,4,0
2021-05-23,5,4
2021-05-23,6,22
2021-05-23,7,44
2021-05-23,8,71
2021-05-23,9,100
2021-05-23,10,123
2021-05-23,11,92
2021-05-23,12,132
2021-05-23,13,123
2021-05-23,14,105
2021-05-23,15,105
2021-05-23,16,100
2021-05-23,17,101
2021-05-23,18,84
2021-05-23,19,84
2021-05-23,20,71
2021-05-23,21,76
2021-05-23,22,62
2021-05-23,23,20
2021-05-24,0,2
2021-05-24,1,6
2021-05-24,2,3
2021-05-24,3,1
2021-05-24,4,6
2021-05-24,5,14
2021-05-24,6,29
2021-05-24,7,64
2021-05-24,8,70
2021-05-24,9,54
2021-05-24,10,67
2021-05-24,11,60
2021-05-24,12,66
2021-05-24,13,67
2021-05-24,14,52
2021-05-24,15,52
2021-05-24,16,57
2021-05-24,17,52
2021-05-24,18,52
2021-05-24,19,62
2021-05-24,20,61
2021-05-24,21,62
2021-05-24,22,44
2021-05-24,23,8
2021-05-25,0,0
2021-05-25,1,0
2021-05-25,2,0
2021-05-25,3,0
2021-05-25,4,0
2021-05-25,5,12
2021-05-25,6,21
2021-05-25,7,62
2021-05-25,8,71
2021-05-25,9,62
2021-05-25,10,57
2021-05-25,11,53
2021-05-25,12,52
2021-05-25,13,48
2021-05-25,14,52
2021-05-25,15,50
2021-05-25,16,57
2021-05-25,17,48
2021-05-25,18,52
2021-05-25,19,45
2021-05-25,20,67
2021-05-25,21,72
2021-05-25,22,48
2021-05-25,23,18
2021-05-26,0,3
2021-05-26,1,2
2021-05-26,2,5
2021-05-26,3,3
2021-05-26,4,6
2021-05-26,5,13
2021-05-26,6,19
2021-05-26,7,52
2021-05-26,8,76
2021-05-26,9,71
2021-05-26,10,57
2021-05-26,11,62
2021-05-26,12,62
2021-05-26,13,71
2021-05-26,14,72
2021-05-26,15,102
2021-05-26,16,84
2021-05-26,17,67
2021-05-26,18,71
2021-05-26,19,62
2021-05-26,20,57
2021-05-26,21,53
2021-05-26,22,57
2021-05-26,23,20
2021-05-27,0,10
2021-05-27,1,6
2021-05-27,2,1
2021-05-27,3,2
2021-05-27,4,3
2021-05-27,5,15
2021-05-27,6,21
2021-05-27,7,57
2021-05-27,8,72
2021-05-27,9,57
2021-05-27,10,57
2021-05-27,11,57
2021-05-27,12,59
2021-05-27,13,56
2021-05-27,14,67
2021-05-27,15,67
2021-05-27,16,75
2021-05-27,17,57
2021-05-27,18,62
2021-05-27,19,71
2021-05-27,20,84
2021-05-27,21,96
2021-05-27,22,83
2021-05-27,23,12
2021-05-28,0,0
2021-05-28,1,0
2021-05-28,2,0
2021-05-28,3,0
2021-05-28,4,0
2021-05-28,5,12
2021-05-28,6,30
2021-05-28,7,66
2021-05-28,8,80
2021-05-28,9,67
2021-05-28,10,72
2021-05-28,11,67
2021-05-28,12,78
2021-05-28,13,88
2021-05-28,14,88
2021-05-28,15,92
2021-05-28,16,115
2021-05-28,17,131
2021-05-28,18,142
2021-05-28,19,127
2021-05-28,20,93
2021-05-28,21,119
2021-05-28,22,91
2021-05-28,23,22
2021-05-29,0,10
2021-05-29,1,9
2021-05-29,2,9
2021-05-29,3,4
2021-05-29,4,5
2021-05-29,5,10
2021-05-29,6,26
2021-05-29,7,58
2021-05-29,8,69
2021-05-29,9,40
2021-05-29,10,58
2021-05-29,11,60
2021-05-29,12,51
2021-05-29,13,70
2021-05-29,14,62
2021-05-29,15,60
2021-05-29,16,52
2021-05-29,17,61
2021-05-29,18,56
2021-05-29,19,45
2021-05-29,20,96
2021-05-29,21,128
2021-05-29,22,110
2021-05-29,23,15
2021-05-30,0,11
2021-05-30,1,9
2021-05-30,2,6
2021-05-30,3,5
2021-05-30,4,4
2021-05-30,5,7
2021-05-30,6,17
2021-05-30,7,44
2021-05-30,8,71
2021-05-30,9,96
2021-05-30,10,123
2021-05-30,11,100
2021-05-30,12,127
2021-05-30,13,127
2021-05-30,14,101
2021-05-30,15,58
2021-05-30,16,40
2021-05-30,17,49
2021-05-30,18,49
2021-05-30,19,91
2021-05-30,20,76
2021-05-30,21,72
2021-05-30,22,62
2021-05-30,23,26
2021-05-31,0,4
2021-05-31,1,0
2021-05-31,2,0
2021-05-31,3,0
2021-05-31,4,0
2021-05-31,5,7
2021-05-31,6,19
2021-05-31,7,53
2021-05-31,8,72
2021-05-31,9,62
2021-05-31,10,52
2021-05-31,11,57
2021-05-31,12,62
2021-05-31,13,57
2021-05-31,14,48
2021-05-31,15,44
2021-05-31,16,57
2021-05-31,17,52
2021-05-31,18,52
2021-05-31,19,62
2021-05-31,20,67
2021-05-31,21,67
2021-05-31,22,48
2021-05-31,23,12
2021-06-01,0,7
2021-06-01,1,7
2021-06-01,2,2
2021-06-01,3,3
2021-06-01,4,6
2021-06-01,5,13
2021-06-01,6,29
2021-06-01,7,62
2021-06-01,8,80
2021-06-01,9,69
2021-06-01,10,55
2021-06-01,11,66
2021-06-01,12,71
2021-06-01,13,67
2021-06-01,14,56
2021-06-01,15,60
2021-06-01,16,58
2021-06-01,17,55
2021-06-01,18,47
2021-06-01,19,55
2021-06-01,20,67
2021-06-01,21,71
2021-06-01,22,48
2021-06-01,23,18
2021-06-02,0,6
2021-06-02,1,5
2021-06-02,2,6
2021-06-02,3,1
2021-06-02,4,8
2021-06-02,5,15
2021-06-02,6,26
2021-06-02,7,92
2021-06-02,8,168
2021-06-02,9,84
2021-06-02,10,76
2021-06-02,11,103
2021-06-02,12,84
2021-06-02,13,103
2021-06-02,14,136
2021-06-02,15,88
2021-06-02,16,89
2021-06-02,17,81
2021-06-02,18,74
2021-06-02,19,42
2021-06-02,20,25
2021-06-02,21,35
2021-06-02,22,36
2021-06-02,23,13
2021-06-03,0,5
2021-06-03,1,1
2021-06-03,2,2
2021-06-03,3,2
2021-06-03,4,8
2021-06-03,5,17
2021-06-03,6,67
2021-06-03,7,108
2021-06-03,8,132
2021-06-03,9,85
2021-06-03,10,64
2021-06-03,11,62
2021-06-03,12,94
2021-06-03,13,65
2021-06-03,14,111
2021-06-03,15,95
2021-06-03,16,89
2021-06-03,17,52
2021-06-03,18,62
2021-06-03,19,71
2021-06-03,20,76
2021-06-03,21,88
2021-06-03,22,83
2021-06-03,23,14
2021-06-04,0,0
2021-06-04,1,0
2021-06-04,2,0
2021-06-04,3,0
2021-06-04,4,11
2021-06-04,5,16
2021-06-04,6,27
2021-06-04,7,71
2021-06-04,8,84
2021-06-04,9,71
2021-06-04,10,80
2021-06-04,11,76
2021-06-04,12,76
2021-06-04,13,88
2021-06-04,14,88
2021-06-04,15,96
2021-06-04,16,114
2021-06-04,17,131
2021-06-04,18,145
2021-06-04,19,136
2021-06-04,20,97
2021-06-04,21,128
2021-06-04,22,105
2021-06-04,23,23
2021-06-05,0,7
2021-06-05,1,0
2021-06-05,2,0
2021-06-05,3,0
2021-06-05,4,0
2021-06-05,5,14
2021-06-05,6,26
2021-06-05,7,63
2021-06-05,8,66
2021-06-05,9,50
2021-06-05,10,62
2021-06-05,11,58
2021-06-05,12,82
2021-06-05,13,74
2021-06-05,14,67
2021-06-05,15,70
2021-06-05,16,76
2021-06-05,17,80
2021-06-05,18,92
2021-06-05,19,105
2021-06-05,20,131
2021-06-05,21,107
2021-06-05,22,123
2021-06-05,23,26
2021-06-06,0,9
2021-06-06,1,4
2021-06-06,2,10
2021-06-06,3,9
2021-06-06,4,3
2021-06-06,5,6
2021-06-06,6,22
2021-06-06,7,44
2021-06-06,8,75
2021-06-06,9,105
2021-06-06,10,136
2021-06-06,11,94
2021-06-06,12,63
2021-06-06,13,53
2021-06-06,14,53
2021-06-06,15,100
2021-06-06,16,84
2021-06-06,17,88
2021-06-06,18,84
2021-06-06,19,88
2021-06-06,20,79
2021-06-06,21,76
2021-06-06,22,71
2021-06-06,23,25
2021-06-07,0,4
2021-06-07,1,7
2021-06-07,2,3
2021-06-07,3,2
2021-06-07,4,5
2021-06-07,5,9
2021-06-07,6,32
2021-06-07,7,57
2021-06-07,8,80
2021-06-07,9,62
2021-06-07,10,62
2021-06-07,11,61
2021-06-07,12,62
2021-06-07,13,57
2021-06-07,14,52
2021-06-07,15,52
2021-06-07,16,57
2021-06-07,17,52
2021-06-07,18,57
2021-06-07,19,58
2021-06-07,20,62
2021-06-07,21,67
2021-06-07,22,48
2021-06-07,23,8
2021-06-08,0,5
2021-06-08,1,2
2021-06-08,2,2
2021-06-08,3,4
2021-06-08,4,6
2021-06-08,5,9
2021-06-08,6,21
2021-06-08,7,62
2021-06-08,8,62
2021-06-08,9,67
2021-06-08,10,57
2021-06-08,11,52
2021-06-08,12,53
2021-06-08,13,52
2021-06-08,14,52
2021-06-08,15,52
2021-06-08,16,52
2021-06-08,17,48
2021-06-08,18,48
2021-06-08,19,57
2021-06-08,20,67
2021-06-08,21,72
2021-06-08,22,52
2021-06-08,23,16
2021-06-09,0,4
2021-06-09,1,10
2021-06-09,2,1
2021-06-09,3,0
2021-06-09,4,0
2021-06-09,5,17
2021-06-09,6,19
2021-06-09,7,71
2021-06-09,8,89
2021-06-09,9,75
2021-06-09,10,67
2021-06-09,11,62
2021-06-09,12,71
2021-06-09,13,64
2021-06-09,14,74
2021-06-09,15,59
2021-06-09,16,68
2021-06-09,17,54
2021-06-09,18,67
2021-06-09,19,67
2021-06-09,20,52
2021-06-09,21,53
2021-06-09,22,53
2021-06-09,23,12
2021-06-10,0,4
2021-06-10,1,0
2021-06-10,2,0
2021-06-10,3,0
2021-06-10,4,0
2021-06-10,5,12
2021-06-10,6,35
2021-06-10,7,71
2021-06-10,8,80
2021-06-10,9,62
2021-06-10,10,62
2021-06-10,11,62
2021-06-10,12,76
2021-06-10,13,56
2021-06-10,14,76
2021-06-10,15,71
2021-06-10,16,80
2021-06-10,17,56
2021-06-10,18,62
2021-06-10,19,76
2021-06-10,20,84
2021-06-10,21,92
2021-06-10,22,83
2021-06-10,23,8
2021-06-11,0,0
2021-06-11,1,0
2021-06-11,2,0
2021-06-11,3,0
2021-06-11,4,0
2021-06-11,5,16
2021-06-11,6,29
2021-06-11,7,68
2021-06-11,8,69
2021-06-11,9,66
2021-06-11,10,70
2021-06-11,11,75
2021-06-11,12,83
2021-06-11,13,86
2021-06-11,14,92
2021-06-11,15,106
2021-06-11,16,119
2021-06-11,17,124
2021-06-11,18,76
2021-06-11,19,62
2021-06-11,20,85
2021-06-11,21,127
2021-06-11,22,103
2021-06-11,23,30
2021-06-12,0,4
2021-06-12,1,0
2021-06-12,2,0
2021-06-12,3,0
2021-06-12,4,0
2021-06-12,5,12
2021-06-12,6,22
2021-06-12,7,63
2021-06-12,8,71
2021-06-12,9,62
2021-06-12,10,56
2021-06-12,11,79
2021-06-12,12,94
2021-06-12,13,100
2021-06-12,14,92
2021-06-12,15,92
2021-06-12,16,118
2021-06-12,17,114
2021-06-12,18,101
2021-06-12,19,100
2021-06-12,20,124
2021-06-12,21,124
2021-06-12,22,115
2021-06-12,23,17
2021-06-13,0,12
2021-06-13,1,0
2021-06-13,2,0
2021-06-13,3,2
2021-06-13,4,4
2021-06-13,5,8
2021-06-13,6,26
2021-06-13,7,44
2021-06-13,8,75
2021-06-13,9,101
2021-06-13,10,118
2021-06-13,11,100
2021-06-13,12,123
2021-06-13,13,111
2021-06-13,14,96
2021-06-13,15,100
2021-06-13,16,97
2021-06-13,17,88
2021-06-13,18,84
2021-06-13,19,84
2021-06-13,20,75
2021-06-13,21,80
2021-06-13,22,70
2021-06-13,23,27
2021-06-14,0,10
2021-06-14,1,4
2021-06-14,2,5
2021-06-14,3,3
2021-06-14,4,8
2021-06-14,5,11
2021-06-14,6,30
2021-06-14,7,57
2021-06-14,8,60
2021-06-14,9,53
2021-06-14,10,61
2021-06-14,11,66
2021-06-14,12,70
2021-06-14,13,62
2021-06-14,14,53
2021-06-14,15,44
2021-06-14,16,57
2021-06-14,17,57
2021-06-14,18,57
2021-06-14,19,65
2021-06-14,20,71
2021-06-14,21,67
2021-06-14,22,48
2021-06-14,23,10
2021-06-15,0,1
2021-06-15,1,1
2021-06-15,2,0
2021-06-15,3,0
2021-06-15,4,8
2021-06-15,5,12
2021-06-15,6,25
2021-06-15,7,61
2021-06-15,8,72
2021-06-15,9,67
2021-06-15,10,70
2021-06-15,11,51
2021-06-15,12,54
2021-06-15,13,52
2021-06-15,14,48
2021-06-15,15,52
2021-06-15,16,52
2021-06-15,17,52
2021-06-15,18,52
2021-06-15,19,48
2021-06-15,20,62
2021-06-15,21,67
2021-06-15,22,52
2021-06-15,23,18
2021-06-16,0,4
2021-06-16,1,1
2021-06-16,2,1
2021-06-16,3,2
2021-06-16,4,6
2021-06-16,5,9
2021-06-16,6,27
2021-06-16,7,62
2021-06-16,8,101
2021-06-16,9,63
2021-06-16,10,69
2021-06-16,11,72
2021-06-16,12,71
2021-06-16,13,80
2021-06-16,14,85
2021-06-16,15,89
2021-06-16,16,80
2021-06-16,17,62
2021-06-16,18,75
2021-06-16,19,61
2021-06-16,20,52
2021-06-16,21,49
2021-06-16,22,52
2021-06-16,23,14
2021-06-17,0,4
2021-06-17,1,2
2021-06-17,2,0
2021-06-17,3,1
2021-06-17,4,4
2021-06-17,5,13
2021-06-17,6,26
2021-06-17,7,71
2021-06-17,8,85
2021-06-17,9,66
2021-06-17,10,61
2021-06-17,11,62
2021-06-17,12,76
2021-06-17,13,62
2021-06-17,14,72
2021-06-17,15,76
2021-06-17,16,76
2021-06-17,17,57
2021-06-17,18,67
2021-06-17,19,71
2021-06-17,20,76
2021-06-17,21,88
2021-06-17,22,92
2021-06-17,23,9
2021-06-18,0,4
2021-06-18,1,5
2021-06-18,2,3
2021-06-18,3,1
2021-06-18,4,7
2021-06-18,5,12
2021-06-18,6,30
2021-06-18,7,62
2021-06-18,8,80
2021-06-18,9,71
2021-06-18,10,76
2021-06-18,11,76
2021-06-18,12,80
2021-06-18,13,88
2021-06-18,14,88
2021-06-18,15,96
2021-06-18,16,123
2021-06-18,17,132
2021-06-18,18,132
2021-06-18,19,109
2021-06-18,20,92
2021-06-18,21,123
2021-06-18,22,101
2021-06-18,23,21
2021-06-19,0,15
2021-06-19,1,5
2021-06-19,2,9
2021-06-19,3,6
2021-06-19,4,2
2021-06-19,5,8
2021-06-19,6,26
2021-06-19,7,40
2021-06-19,8,71
2021-06-19,9,67
2021-06-19,10,66
2021-06-19,11,88
2021-06-19,12,113
2021-06-19,13,96
2021-06-19,14,88
2021-06-19,15,80
2021-06-19,16,114
2021-06-19,17,114
2021-06-19,18,92
2021-06-19,19,100
2021-06-19,20,114
2021-06-19,21,128
2021-06-19,22,61
2021-06-19,23,18
2021-06-20,0,8
2021-06-20,1,5
2021-06-20,2,3
2021-06-20,3,4
2021-06-20,4,7
2021-06-20,5,5
2021-06-20,6,26
2021-06-20,7,44
2021-06-20,8,75
2021-06-20,9,96
2021-06-20,10,128
2021-06-20,11,100
2021-06-20,12,127
2021-06-20,13,119
2021-06-20,14,100
2021-06-20,15,100
2021-06-20,16,97
2021-06-20,17,84
2021-06-20,18,84
2021-06-20,19,84
2021-06-20,20,76
2021-06-20,21,76
2021-06-20,22,72
2021-06-20,23,15
2021-06-21,0,3
2021-06-21,1,3
2021-06-21,2,1
2021-06-21,3,4
2021-06-21,4,3
2021-06-21,5,8
2021-06-21,6,24
2021-06-21,7,61
2021-06-21,8,72
2021-06-21,9,62
2021-06-21,10,67
2021-06-21,11,57
2021-06-21,12,62
2021-06-21,13,65
2021-06-21,14,52
2021-06-21,15,44
2021-06-21,16,57
2021-06-21,17,52
2021-06-21,18,52
2021-06-21,19,53
2021-06-21,20,62
2021-06-21,21,57
2021-06-21,22,39
2021-06-21,23,8
2021-06-22,0,0
2021-06-22,1,0
2021-06-22,2,0
2021-06-22,3,0
2021-06-22,4,4
2021-06-22,5,12
2021-06-22,6,21
2021-06-22,7,62
2021-06-22,8,62
2021-06-22,9,67
2021-06-22,10,52
2021-06-22,11,52
2021-06-22,12,58
2021-06-22,13,52
2021-06-22,14,52
2021-06-22,15,56
2021-06-22,16,69
2021-06-22,17,62
2021-06-22,18,48
2021-06-22,19,40
2021-06-22,20,52
2021-06-22,21,72
2021-06-22,22,67
2021-06-22,23,23
2021-06-23,0,2
2021-06-23,1,0
2021-06-23,2,0
2021-06-23,3,2
2021-06-23,4,6
2021-06-23,5,9
2021-06-23,6,27
2021-06-23,7,57
2021-06-23,8,70
2021-06-23,9,70
2021-06-23,10,67
2021-06-23,11,66
2021-06-23,12,76
2021-06-23,13,72
2021-06-23,14,93
2021-06-23,15,89
2021-06-23,16,80
2021-06-23,17,67
2021-06-23,18,71
2021-06-23,19,66
2021-06-23,20,52
2021-06-23,21,49
2021-06-23,22,52
2021-06-23,23,13
2021-06-24,0,0
2021-06-24,1,0
2021-06-24,2,0
2021-06-24,3,0
2021-06-24,4,0
2021-06-24,5,16
2021-06-24,6,30
2021-06-24,7,67
2021-06-24,8,80
2021-06-24,9,62
2021-06-24,10,48
2021-06-24,11,62
2021-06-24,12,76
2021-06-24,13,62
2021-06-24,14,79
2021-06-24,15,76
2021-06-24,16,80
2021-06-24,17,67
2021-06-24,18,72
2021-06-24,19,71
2021-06-24,20,80
2021-06-24,21,84
2021-06-24,22,88
2021-06-24,23,26
2021-06-25,0,9
2021-06-25,1,0
2021-06-25,2,0
2021-06-25,3,0
2021-06-25,4,0
2021-06-25,5,16
2021-06-25,6,30
2021-06-25,7,66
2021-06-25,8,72
2021-06-25,9,71
2021-06-25,10,67
2021-06-25,11,80
2021-06-25,12,80
2021-06-25,13,88
2021-06-25,14,92
2021-06-25,15,96
2021-06-25,16,123
2021-06-25,17,132
2021-06-25,18,141
2021-06-25,19,119
2021-06-25,20,99
2021-06-25,21,87
2021-06-25,22,39
2021-06-25,23,19
2021-06-26,0,6
2021-06-26,1,3
2021-06-26,2,0
2021-06-26,3,0
2021-06-26,4,0
2021-06-26,5,12
2021-06-26,6,26
2021-06-26,7,58
2021-06-26,8,75
2021-06-26,9,71
2021-06-26,10,66
2021-06-26,11,92
2021-06-26,12,115
2021-06-26,13,130
2021-06-26,14,92
2021-06-26,15,86
2021-06-26,16,110
2021-06-26,17,119
2021-06-26,18,106
2021-06-26,19,100
2021-06-26,20,132
2021-06-26,21,132
2021-06-26,22,93
2021-06-26,23,24
2021-06-27,0,12
2021-06-27,1,0
2021-06-27,2,0
2021-06-27,3,0
2021-06-27,4,0
2021-06-27,5,7
2021-06-27,6,26
2021-06-27,7,44
2021-06-27,8,75
2021-06-27,9,100
2021-06-27,10,114
2021-06-27,11,97
2021-06-27,12,114
2021-06-27,13,118
2021-06-27,14,86
2021-06-27,15,96
2021-06-27,16,92
2021-06-27,17,106
2021-06-27,18,97
2021-06-27,19,123
2021-06-27,20,89
2021-06-27,21,128
2021-06-27,22,132
2021-06-27,23,91
2021-06-28,0,3
2021-06-28,1,18
2021-06-28,2,12
2021-06-28,3,17
2021-06-28,4,12
2021-06-28,5,8
2021-06-28,6,26
2021-06-28,7,57
2021-06-28,8,88
2021-06-28,9,92
2021-06-28,10,62
2021-06-28,11,61
2021-06-28,12,78
2021-06-28,13,62
2021-06-28,14,52
2021-06-28,15,50
2021-06-28,16,58
2021-06-28,17,34
2021-06-28,18,52
2021-06-28,19,58
2021-06-28,20,62
2021-06-28,21,62
2021-06-28,22,35
2021-06-28,23,6
2021-06-29,0,0
2021-06-29,1,0
2021-06-29,2,0
2021-06-29,3,0
2021-06-29,4,4
2021-06-29,5,12
2021-06-29,6,25
2021-06-29,7,62
2021-06-29,8,72
2021-06-29,9,67
2021-06-29,10,62
2021-06-29,11,52
2021-06-29,12,49
2021-06-29,13,75
2021-06-29,14,78
2021-06-29,15,74
2021-06-29,16,56
2021-06-29,17,52
2021-06-29,18,47
2021-06-29,19,39
2021-06-29,20,52
2021-06-29,21,72
2021-06-29,22,39
2021-06-29,23,31
2021-06-30,0,0
2021-06-30,1,4
2021-06-30,2,0
2021-06-30,3,0
2021-06-30,4,0
2021-06-30,5,15
2021-06-30,6,24
2021-06-30,7,57
2021-06-30,8,83
2021-06-30,9,76
2021-06-30,10,72
2021-06-30,11,58
2021-06-30,12,61
2021-06-30,13,73
2021-06-30,14,67
2021-06-30,15,81
2021-06-30,16,60
2021-06-30,17,64
2021-06-30,18,53
2021-06-30,19,55
2021-06-30,20,47
2021-06-30,21,49
2021-06-30,22,52
2021-06-30,23,19
2021-07-01,0,2
2021-07-01,1,8
2021-07-01,2,0
2021-07-01,3,2
2021-07-01,4,8
2021-07-01,5,17
2021-07-01,6,42
2021-07-01,7,69
2021-07-01,8,62
2021-07-01,9,68
2021-07-01,10,76
2021-07-01,11,94
2021-07-01,12,85
2021-07-01,13,61
2021-07-01,14,79
2021-07-01,15,67
2021-07-01,16,73
2021-07-01,17,57
2021-07-01,18,62
2021-07-01,19,67
2021-07-01,20,77
2021-07-01,21,86
2021-07-01,22,88
2021-07-01,23,8
2021-07-02,0,5
2021-07-02,1,4
2021-07-02,2,3
2021-07-02,3,0
2021-07-02,4,6
2021-07-02,5,13
2021-07-02,6,36
2021-07-02,7,51
2021-07-02,8,69
2021-07-02,9,56
2021-07-02,10,70
2021-07-02,11,77
2021-07-02,12,80
2021-07-02,13,84
2021-07-02,14,88
2021-07-02,15,92
2021-07-02,16,110
2021-07-02,17,132
2021-07-02,18,142
2021-07-02,19,119
2021-07-02,20,101
2021-07-02,21,119
2021-07-02,22,92
2021-07-02,23,46
2021-07-03,0,2
2021-07-03,1,0
2021-07-03,2,0
2021-07-03,3,0
2021-07-03,4,0
2021-07-03,5,8
2021-07-03,6,22
2021-07-03,7,53
2021-07-03,8,84
2021-07-03,9,67
2021-07-03,10,71
2021-07-03,11,96
2021-07-03,12,80
2021-07-03,13,87
2021-07-03,14,90
2021-07-03,15,113
2021-07-03,16,89
2021-07-03,17,90
2021-07-03,18,84
2021-07-03,19,67
2021-07-03,20,103
2021-07-03,21,124
2021-07-03,22,91
2021-07-03,23,27
2021-07-04,0,9
2021-07-04,1,4
2021-07-04,2,0
2021-07-04,3,0
2021-07-04,4,0
2021-07-04,5,4
2021-07-04,6,22
2021-07-04,7,44
2021-07-04,8,70
2021-07-04,9,101
2021-07-04,10,123
2021-07-04,11,104
2021-07-04,12,128
2021-07-04,13,119
2021-07-04,14,97
2021-07-04,15,96
2021-07-04,16,97
2021-07-04,17,84
2021-07-04,18,84
2021-07-04,19,76
2021-07-04,20,71
2021-07-04,21,72
2021-07-04,22,67
2021-07-04,23,13
2021-07-05,0,1
2021-07-05,1,0
2021-07-05,2,0
2021-07-05,3,0
2021-07-05,4,0
2021-07-05,5,14
2021-07-05,6,21
2021-07-05,7,65
2021-07-05,8,80
2021-07-05,9,62
2021-07-05,10,62
2021-07-05,11,61
2021-07-05,12,70
2021-07-05,13,72
2021-07-05,14,61
2021-07-05,15,62
2021-07-05,16,54
2021-07-05,17,52
2021-07-05,18,44
2021-07-05,19,58
2021-07-05,20,62
2021-07-05,21,62
2021-07-05,22,48
2021-07-05,23,12
2021-07-06,0,0
2021-07-06,1,0
2021-07-06,2,0
2021-07-06,3,0
2021-07-06,4,0
2021-07-06,5,12
2021-07-06,6,37
2021-07-06,7,67
2021-07-06,8,66
2021-07-06,9,67
2021-07-06,10,57
2021-07-06,11,53
2021-07-06,12,53
2021-07-06,13,57
2021-07-06,14,52
2021-07-06,15,57
2021-07-06,16,57
2021-07-06,17,52
2021-07-06,18,48
2021-07-06,19,44
2021-07-06,20,62
2021-07-06,21,67
2021-07-06,22,52
2021-07-06,23,12
2021-07-07,0,0
2021-07-07,1,0
2021-07-07,2,0
2021-07-07,3,0
2021-07-07,4,7
2021-07-07,5,13
2021-07-07,6,28
2021-07-07,7,57
2021-07-07,8,84
2021-07-07,9,70
2021-07-07,10,61
2021-07-07,11,72
2021-07-07,12,71
2021-07-07,13,76
2021-07-07,14,89
2021-07-07,15,85
2021-07-07,16,76
2021-07-07,17,67
2021-07-07,18,70
2021-07-07,19,53
2021-07-07,20,52
2021-07-07,21,47
2021-07-07,22,57
2021-07-07,23,23
2021-07-08,0,1
2021-07-08,1,0
2021-07-08,2,0
2021-07-08,3,0
2021-07-08,4,0
2021-07-08,5,17
2021-07-08,6,35
2021-07-08,7,60
2021-07-08,8,75
2021-07-08,9,62
2021-07-08,10,71
2021-07-08,11,62
2021-07-08,12,70
2021-07-08,13,58
2021-07-08,14,89
2021-07-08,15,76
2021-07-08,16,79
2021-07-08,17,57
2021-07-08,18,62
2021-07-08,19,67
2021-07-08,20,97
2021-07-08,21,79
2021-07-08,22,87
2021-07-08,23,12
2021-07-09,0,0
2021-07-09,1,0
2021-07-09,2,0
2021-07-09,3,0
2021-07-09,4,0
2021-07-09,5,17
2021-07-09,6,34
2021-07-09,7,47
2021-07-09,8,73
2021-07-09,9,60
2021-07-09,10,97
2021-07-09,11,77
2021-07-09,12,83
2021-07-09,13,79
2021-07-09,14,71
2021-07-09,15,53
2021-07-09,16,85
2021-07-09,17,93
2021-07-09,18,142
2021-07-09,19,114
2021-07-09,20,97
2021-07-09,21,114
2021-07-09,22,87
2021-07-09,23,25
2021-07-10,0,0
2021-07-10,1,0
2021-07-10,2,0
2021-07-10,3,0
2021-07-10,4,0
2021-07-10,5,12
2021-07-10,6,26
2021-07-10,7,58
2021-07-10,8,71
2021-07-10,9,67
2021-07-10,10,84
2021-07-10,11,101
2021-07-10,12,101
2021-07-10,13,92
2021-07-10,14,88
2021-07-10,15,88
2021-07-10,16,109
2021-07-10,17,105
2021-07-10,18,96
2021-07-10,19,88
2021-07-10,20,120
2021-07-10,21,104
2021-07-10,22,45
2021-07-10,23,27
2021-07-11,0,12
2021-07-11,1,0
2021-07-11,2,0
2021-07-11,3,0
2021-07-11,4,0
2021-07-11,5,4
2021-07-11,6,21
2021-07-11,7,49
2021-07-11,8,75
2021-07-11,9,101
2021-07-11,10,109
2021-07-11,11,92
2021-07-11,12,118
2021-07-11,13,111
2021-07-11,14,93
2021-07-11,15,96
2021-07-11,16,88
2021-07-11,17,84
2021-07-11,18,80
2021-07-11,19,72
2021-07-11,20,71
2021-07-11,21,72
2021-07-11,22,58
2021-07-11,23,13
2021-07-12,0,0
2021-07-12,1,0
2021-07-12,2,0
2021-07-12,3,0
2021-07-12,4,0
2021-07-12,5,10
2021-07-12,6,26
2021-07-12,7,57
2021-07-12,8,76
2021-07-12,9,62
2021-07-12,10,67
2021-07-12,11,62
2021-07-12,12,66
2021-07-12,13,62
2021-07-12,14,57
2021-07-12,15,52
2021-07-12,16,57
2021-07-12,17,52
2021-07-12,18,52
2021-07-12,19,58
2021-07-12,20,62
2021-07-12,21,62
2021-07-12,22,48
2021-07-12,23,12
2021-07-13,0,0
2021-07-13,1,0
2021-07-13,2,0
2021-07-13,3,0
2021-07-13,4,0
2021-07-13,5,16
2021-07-13,6,31
2021-07-13,7,63
2021-07-13,8,75
2021-07-13,9,67
2021-07-13,10,39
2021-07-13,11,52
2021-07-13,12,58
2021-07-13,13,57
2021-07-13,14,52
2021-07-13,15,57
2021-07-13,16,57
2021-07-13,17,52
2021-07-13,18,52
2021-07-13,19,53
2021-07-13,20,65
2021-07-13,21,67
2021-07-13,22,48
2021-07-13,23,12
2021-07-14,0,0
2021-07-14,1,0
2021-07-14,2,0
2021-07-14,3,0
2021-07-14,4,0
2021-07-14,5,16
2021-07-14,6,26
2021-07-14,7,61
2021-07-14,8,82
2021-07-14,9,62
2021-07-14,10,60
2021-07-14,11,77
2021-07-14,12,62
2021-07-14,13,72
2021-07-14,14,84
2021-07-14,15,85
2021-07-14,16,84
2021-07-14,17,71
2021-07-14,18,79
2021-07-14,19,72
2021-07-14,20,76
2021-07-14,21,61
2021-07-14,22,66
2021-07-14,23,22
2021-07-15,0,0
2021-07-15,1,0
2021-07-15,2,0
2021-07-15,3,0
2021-07-15,4,0
2021-07-15,5,23
2021-07-15,6,34
2021-07-15,7,78
2021-07-15,8,98
2021-07-15,9,80
2021-07-15,10,59
2021-07-15,11,66
2021-07-15,12,76
2021-07-15,13,67
2021-07-15,14,84
2021-07-15,15,79
2021-07-15,16,56
2021-07-15,17,67
2021-07-15,18,72
2021-07-15,19,80
2021-07-15,20,92
2021-07-15,21,92
2021-07-15,22,111
2021-07-15,23,14
2021-07-16,0,0
2021-07-16,1,0
2021-07-16,2,0
2021-07-16,3,0
2021-07-16,4,0
2021-07-16,5,21
2021-07-16,6,34
2021-07-16,7,67
2021-07-16,8,88
2021-07-16,9,80
2021-07-16,10,93
2021-07-16,11,92
2021-07-16,12,97
2021-07-16,13,97
2021-07-16,14,101
2021-07-16,15,101
2021-07-16,16,137
2021-07-16,17,154
2021-07-16,18,163
2021-07-16,19,139
2021-07-16,20,114
2021-07-16,21,132
2021-07-16,22,104
2021-07-16,23,25
2021-07-17,0,8
2021-07-17,1,8
2021-07-17,2,5
2021-07-17,3,2
2021-07-17,4,6
2021-07-17,5,15
2021-07-17,6,28
2021-07-17,7,67
2021-07-17,8,101
2021-07-17,9,80
2021-07-17,10,81
2021-07-17,11,92
2021-07-17,12,127
2021-07-17,13,108
2021-07-17,14,97
2021-07-17,15,101
2021-07-17,16,118
2021-07-17,17,119
2021-07-17,18,96
2021-07-17,19,104
2021-07-17,20,136
2021-07-17,21,137
2021-07-17,22,98
2021-07-17,23,13
2021-07-18,0,17
2021-07-18,1,0
2021-07-18,2,0
2021-07-18,3,0
2021-07-18,4,0
2021-07-18,5,4
2021-07-18,6,30
2021-07-18,7,44
2021-07-18,8,71
2021-07-18,9,105
2021-07-18,10,120
2021-07-18,11,105
2021-07-18,12,133
2021-07-18,13,126
2021-07-18,14,101
2021-07-18,15,105
2021-07-18,16,102
2021-07-18,17,110
2021-07-18,18,96
2021-07-18,19,101
2021-07-18,20,84
2021-07-18,21,80
2021-07-18,22,76
2021-07-18,23,22
2021-07-19,0,0
2021-07-19,1,0
2021-07-19,2,0
2021-07-19,3,0
2021-07-19,4,0
2021-07-19,5,12
2021-07-19,6,30
2021-07-19,7,66
2021-07-19,8,80
2021-07-19,9,72
2021-07-19,10,72
2021-07-19,11,84
2021-07-19,12,88
2021-07-19,13,86
2021-07-19,14,72
2021-07-19,15,52
2021-07-19,16,66
2021-07-19,17,62
2021-07-19,18,57
2021-07-19,19,66
2021-07-19,20,88
2021-07-19,21,80
2021-07-19,22,49
2021-07-19,23,18
2021-07-20,0,11
2021-07-20,1,4
2021-07-20,2,0
2021-07-20,3,0
2021-07-20,4,4
2021-07-20,5,15
2021-07-20,6,50
2021-07-20,7,80
2021-07-20,8,84
2021-07-20,9,80
2021-07-20,10,76
2021-07-20,11,71
2021-07-20,12,68
2021-07-20,13,45
2021-07-20,14,62
2021-07-20,15,61
2021-07-20,16,66
2021-07-20,17,44
2021-07-20,18,52
2021-07-20,19,53
2021-07-20,20,67
2021-07-20,21,72
2021-07-20,22,52
2021-07-20,23,26
2021-07-21,0,0
2021-07-21,1,4
2021-07-21,2,0
2021-07-21,3,0
2021-07-21,4,4
2021-07-21,5,13
2021-07-21,6,30
2021-07-21,7,71
2021-07-21,8,96
2021-07-21,9,75
2021-07-21,10,72
2021-07-21,11,76
2021-07-21,12,76
2021-07-21,13,75
2021-07-21,14,93
2021-07-21,15,89
2021-07-21,16,84
2021-07-21,17,76
2021-07-21,18,76
2021-07-21,19,66
2021-07-21,20,52
2021-07-21,21,49
2021-07-21,22,52
2021-07-21,23,30
2021-07-22,0,0
2021-07-22,1,0
2021-07-22,2,0
2021-07-22,3,0
2021-07-22,4,0
2021-07-22,5,18
2021-07-22,6,35
2021-07-22,7,78
2021-07-22,8,84
2021-07-22,9,71
2021-07-22,10,71
2021-07-22,11,62
2021-07-22,12,71
2021-07-22,13,67
2021-07-22,14,80
2021-07-22,15,67
2021-07-22,16,68
2021-07-22,17,76
2021-07-22,18,54
2021-07-22,19,62
2021-07-22,20,80
2021-07-22,21,84
2021-07-22,22,87
2021-07-22,23,14
2021-07-23,0,0
2021-07-23,1,0
2021-07-23,2,0
2021-07-23,3,0
2021-07-23,4,2
2021-07-23,5,12
2021-07-23,6,32
2021-07-23,7,48
2021-07-23,8,72
2021-07-23,9,67
2021-07-23,10,67
2021-07-23,11,67
2021-07-23,12,60
2021-07-23,13,71
2021-07-23,14,82
2021-07-23,15,71
2021-07-23,16,69
2021-07-23,17,88
2021-07-23,18,82
2021-07-23,19,63
2021-07-23,20,64
2021-07-23,21,104
2021-07-23,22,78
2021-07-23,23,29
2021-07-24,0,31
2021-07-24,1,6
2021-07-24,2,6
2021-07-24,3,4
2021-07-24,4,5
2021-07-24,5,14
2021-07-24,6,26
2021-07-24,7,63
2021-07-24,8,71
2021-07-24,9,62
2021-07-24,10,67
2021-07-24,11,76
2021-07-24,12,96
2021-07-24,13,77
2021-07-24,14,52
2021-07-24,15,60
2021-07-24,16,76
2021-07-24,17,91
2021-07-24,18,88
2021-07-24,19,88
2021-07-24,20,114
2021-07-24,21,109
2021-07-24,22,95
2021-07-24,23,29
2021-07-25,0,12
2021-07-25,1,7
2021-07-25,2,6
2021-07-25,3,0
2021-07-25,4,1
2021-07-25,5,7
2021-07-25,6,26
2021-07-25,7,44
2021-07-25,8,75
2021-07-25,9,101
2021-07-25,10,119
2021-07-25,11,88
2021-07-25,12,105
2021-07-25,13,110
2021-07-25,14,84
2021-07-25,15,88
2021-07-25,16,80
2021-07-25,17,80
2021-07-25,18,80
2021-07-25,19,80
2021-07-25,20,71
2021-07-25,21,67
2021-07-25,22,62
2021-07-25,23,22
2021-07-26,0,0
2021-07-26,1,0
2021-07-26,2,0
2021-07-26,3,0
2021-07-26,4,0
2021-07-26,5,12
2021-07-26,6,26
2021-07-26,7,57
2021-07-26,8,76
2021-07-26,9,62
2021-07-26,10,54
2021-07-26,11,76
2021-07-26,12,64
2021-07-26,13,62
2021-07-26,14,52
2021-07-26,15,48
2021-07-26,16,57
2021-07-26,17,52
2021-07-26,18,52
2021-07-26,19,58
2021-07-26,20,67
2021-07-26,21,62
2021-07-26,22,43
2021-07-26,23,16
2021-07-27,0,0
2021-07-27,1,0
2021-07-27,2,0
2021-07-27,3,0
2021-07-27,4,4
2021-07-27,5,16
2021-07-27,6,21
2021-07-27,7,62
2021-07-27,8,61
2021-07-27,9,67
2021-07-27,10,52
2021-07-27,11,62
2021-07-27,12,53
2021-07-27,13,68
2021-07-27,14,52
2021-07-27,15,57
2021-07-27,16,53
2021-07-27,17,52
2021-07-27,18,52
2021-07-27,19,53
2021-07-27,20,62
2021-07-27,21,67
2021-07-27,22,48
2021-07-27,23,26
2021-07-28,0,0
2021-07-28,1,0
2021-07-28,2,0
2021-07-28,3,0
2021-07-28,4,4
2021-07-28,5,22
2021-07-28,6,33
2021-07-28,7,53
2021-07-28,8,79
2021-07-28,9,71
2021-07-28,10,57
2021-07-28,11,75
2021-07-28,12,71
2021-07-28,13,75
2021-07-28,14,80
2021-07-28,15,59
2021-07-28,16,81
2021-07-28,17,75
2021-07-28,18,66
2021-07-28,19,62
2021-07-28,20,52
2021-07-28,21,49
2021-07-28,22,52
2021-07-28,23,13
2021-07-29,0,11
2021-07-29,1,9
2021-07-29,2,2
2021-07-29,3,4
2021-07-29,4,7
2021-07-29,5,45
2021-07-29,6,61
2021-07-29,7,92
2021-07-29,8,110
2021-07-29,9,88
2021-07-29,10,94
2021-07-29,11,89
2021-07-29,12,84
2021-07-29,13,87
2021-07-29,14,97
2021-07-29,15,86
2021-07-29,16,114
2021-07-29,17,71
2021-07-29,18,66
2021-07-29,19,56
2021-07-29,20,56
2021-07-29,21,43
2021-07-29,22,80
2021-07-29,23,11
2021-07-30,0,2
2021-07-30,1,0
2021-07-30,2,2
2021-07-30,3,3
2021-07-30,4,18
2021-07-30,5,57
2021-07-30,6,124
2021-07-30,7,170
2021-07-30,8,169
2021-07-30,9,157
2021-07-30,10,184
2021-07-30,11,219
2021-07-30,12,171
2021-07-30,13,185
2021-07-30,14,166
2021-07-30,15,150
2021-07-30,16,199
2021-07-30,17,131
2021-07-30,18,133
2021-07-30,19,104
2021-07-30,20,98
2021-07-30,21,85
2021-07-30,22,97
2021-07-30,23,39
2021-07-31,0,16
2021-07-31,1,8
2021-07-31,2,4
2021-07-31,3,5
2021-07-31,4,15
2021-07-31,5,42
2021-07-31,6,66
2021-07-31,7,96
2021-07-31,8,117
2021-07-31,9,109
2021-07-31,10,153
2021-07-31,11,125
2021-07-31,12,191
2021-07-31,13,167
2021-07-31,14,142
2021-07-31,15,206
2021-07-31,16,167
2021-07-31,17,121
2021-07-31,18,101
2021-07-31,19,71
2021-07-31,20,84
2021-07-31,21,60
2021-07-31,22,46
2021-07-31,23,27
2021-08-01,0,12
2021-08-01,1,14
2021-08-01,2,12
2021-08-01,3,0
2021-08-01,4,4
2021-08-01,5,8
2021-08-01,6,14
2021-08-01,7,39
2021-08-01,8,70
2021-08-01,9,100
2021-08-01,10,118
2021-08-01,11,92
2021-08-01,12,123
2021-08-01,13,114
2021-08-01,14,93
2021-08-01,15,96
2021-08-01,16,88
2021-08-01,17,84
2021-08-01,18,80
2021-08-01,19,88
2021-08-01,20,71
2021-08-01,21,72
2021-08-01,22,62
2021-08-01,23,18
2021-08-02,0,0
2021-08-02,1,0
2021-08-02,2,0
2021-08-02,3,0
2021-08-02,4,0
2021-08-02,5,18
2021-08-02,6,27
2021-08-02,7,63
2021-08-02,8,76
2021-08-02,9,61
2021-08-02,10,56
2021-08-02,11,59
2021-08-02,12,63
2021-08-02,13,73
2021-08-02,14,64
2021-08-02,15,40
2021-08-02,16,57
2021-08-02,17,48
2021-08-02,18,52
2021-08-02,19,53
2021-08-02,20,62
2021-08-02,21,70
2021-08-02,22,39
2021-08-02,23,24
2021-08-03,0,8
2021-08-03,1,0
2021-08-03,2,0
2021-08-03,3,0
2021-08-03,4,4
2021-08-03,5,16
2021-08-03,6,26
2021-08-03,7,66
2021-08-03,8,62
2021-08-03,9,67
2021-08-03,10,52
2021-08-03,11,53
2021-08-03,12,53
2021-08-03,13,62
2021-08-03,14,52
2021-08-03,15,52
2021-08-03,16,52
2021-08-03,17,48
2021-08-03,18,52
2021-08-03,19,45
2021-08-03,20,57
2021-08-03,21,62
2021-08-03,22,45
2021-08-03,23,13
2021-08-04,0,0
2021-08-04,1,0
2021-08-04,2,0
2021-08-04,3,0
2021-08-04,4,0
2021-08-04,5,18
2021-08-04,6,19
2021-08-04,7,57
2021-08-04,8,84
2021-08-04,9,71
2021-08-04,10,64
2021-08-04,11,66
2021-08-04,12,75
2021-08-04,13,85
2021-08-04,14,60
2021-08-04,15,63
2021-08-04,16,59
2021-08-04,17,79
2021-08-04,18,76
2021-08-04,19,39
2021-08-04,20,57
2021-08-04,21,57
2021-08-04,22,45
2021-08-04,23,19
2021-08-05,0,0
2021-08-05,1,0
2021-08-05,2,0
2021-08-05,3,0
2021-08-05,4,0
2021-08-05,5,14
2021-08-05,6,36
2021-08-05,7,71
2021-08-05,8,80
2021-08-05,9,71
2021-08-05,10,71
2021-08-05,11,71
2021-08-05,12,80
2021-08-05,13,62
2021-08-05,14,84
2021-08-05,15,71
2021-08-05,16,72
2021-08-05,17,72
2021-08-05,18,62
2021-08-05,19,62
2021-08-05,20,80
2021-08-05,21,80
2021-08-05,22,83
2021-08-05,23,19
2021-08-06,0,2
2021-08-06,1,0
2021-08-06,2,0
2021-08-06,3,2
2021-08-06,4,9
2021-08-06,5,21
2021-08-06,6,30
2021-08-06,7,75
2021-08-06,8,113
2021-08-06,9,80
2021-08-06,10,92
2021-08-06,11,100
2021-08-06,12,141
2021-08-06,13,101
2021-08-06,14,96
2021-08-06,15,92
2021-08-06,16,124
2021-08-06,17,119
2021-08-06,18,118
2021-08-06,19,105
2021-08-06,20,93
2021-08-06,21,104
2021-08-06,22,95
2021-08-06,23,36
2021-08-07,0,21
2021-08-07,1,4
2021-08-07,2,0
2021-08-07,3,0
2021-08-07,4,0
2021-08-07,5,15
2021-08-07,6,31
2021-08-07,7,67
2021-08-07,8,80
2021-08-07,9,76
2021-08-07,10,84
2021-08-07,11,92
2021-08-07,12,124
2021-08-07,13,105
2021-08-07,14,88
2021-08-07,15,109
2021-08-07,16,110
2021-08-07,17,110
2021-08-07,18,96
2021-08-07,19,92
2021-08-07,20,115
2021-08-07,21,101
2021-08-07,22,80
2021-08-07,23,58
2021-08-08,0,19
2021-08-08,1,12
2021-08-08,2,4
2021-08-08,3,0
2021-08-08,4,0
2021-08-08,5,14
2021-08-08,6,21
2021-08-08,7,49
2021-08-08,8,59
2021-08-08,9,96
2021-08-08,10,114
2021-08-08,11,92
2021-08-08,12,123
2021-08-08,13,111
2021-08-08,14,93
2021-08-08,15,88
2021-08-08,16,91
2021-08-08,17,84
2021-08-08,18,88
2021-08-08,19,80
2021-08-08,20,71
2021-08-08,21,66
2021-08-08,22,66
2021-08-08,23,21
2021-08-09,0,30
2021-08-09,1,13
2021-08-09,2,15
2021-08-09,3,12
2021-08-09,4,7
2021-08-09,5,18
2021-08-09,6,36
2021-08-09,7,57
2021-08-09,8,91
2021-08-09,9,65
2021-08-09,10,53
2021-08-09,11,63
2021-08-09,12,88
2021-08-09,13,79
2021-08-09,14,57
2021-08-09,15,53
2021-08-09,16,62
2021-08-09,17,57
2021-08-09,18,52
2021-08-09,19,58
2021-08-09,20,67
2021-08-09,21,62
2021-08-09,22,39
2021-08-09,23,34
2021-08-10,0,0
2021-08-10,1,3
2021-08-10,2,16
2021-08-10,3,12
2021-08-10,4,11
2021-08-10,5,12
2021-08-10,6,27
2021-08-10,7,57
2021-08-10,8,61
2021-08-10,9,66
2021-08-10,10,52
2021-08-10,11,52
2021-08-10,12,62
2021-08-10,13,52
2021-08-10,14,53
2021-08-10,15,57
2021-08-10,16,57
2021-08-10,17,52
2021-08-10,18,48
2021-08-10,19,47
2021-08-10,20,52
2021-08-10,21,67
2021-08-10,22,44
2021-08-10,23,23
2021-08-11,0,0
2021-08-11,1,0
2021-08-11,2,0
2021-08-11,3,0
2021-08-11,4,4
2021-08-11,5,25
2021-08-11,6,25
2021-08-11,7,57
2021-08-11,8,79
2021-08-11,9,72
2021-08-11,10,62
2021-08-11,11,62
2021-08-11,12,67
2021-08-11,13,84
2021-08-11,14,84
2021-08-11,15,75
2021-08-11,16,72
2021-08-11,17,68
2021-08-11,18,67
2021-08-11,19,63
2021-08-11,20,48
2021-08-11,21,53
2021-08-11,22,48
2021-08-11,23,24
2021-08-12,0,15
2021-08-12,1,10
2021-08-12,2,13
2021-08-12,3,7
2021-08-12,4,4
2021-08-12,5,23
2021-08-12,6,57
2021-08-12,7,71
2021-08-12,8,84
2021-08-12,9,62
2021-08-12,10,62
2021-08-12,11,62
2021-08-12,12,70
2021-08-12,13,62
2021-08-12,14,76
2021-08-12,15,72
2021-08-12,16,80
2021-08-12,17,67
2021-08-12,18,62
2021-08-12,19,57
2021-08-12,20,76
2021-08-12,21,79
2021-08-12,22,83
2021-08-12,23,17
2021-08-13,0,0
2021-08-13,1,4
2021-08-13,2,4
2021-08-13,3,0
2021-08-13,4,6
2021-08-13,5,13
2021-08-13,6,32
2021-08-13,7,58
2021-08-13,8,79
2021-08-13,9,80
2021-08-13,10,92
2021-08-13,11,96
2021-08-13,12,135
2021-08-13,13,95
2021-08-13,14,104
2021-08-13,15,92
2021-08-13,16,118
2021-08-13,17,114
2021-08-13,18,115
2021-08-13,19,109
2021-08-13,20,97
2021-08-13,21,123
2021-08-13,22,84
2021-08-13,23,43
2021-08-14,0,22
2021-08-14,1,30
2021-08-14,2,27
2021-08-14,3,11
2021-08-14,4,8
2021-08-14,5,15
2021-08-14,6,22
2021-08-14,7,67
2021-08-14,8,80
2021-08-14,9,80
2021-08-14,10,84
2021-08-14,11,96
2021-08-14,12,120
2021-08-14,13,104
2021-08-14,14,84
2021-08-14,15,110
2021-08-14,16,114
2021-08-14,17,105
2021-08-14,18,97
2021-08-14,19,92
2021-08-14,20,114
2021-08-14,21,110
2021-08-14,22,79
2021-08-14,23,39
2021-08-15,0,21
2021-08-15,1,14
2021-08-15,2,14
2021-08-15,3,4
2021-08-15,4,0
2021-08-15,5,10
2021-08-15,6,21
2021-08-15,7,49
2021-08-15,8,71
2021-08-15,9,71
2021-08-15,10,109
2021-08-15,11,88
2021-08-15,12,114
2021-08-15,13,115
2021-08-15,14,97
2021-08-15,15,92
2021-08-15,16,80
2021-08-15,17,56
2021-08-15,18,61
2021-08-15,19,80
2021-08-15,20,66
2021-08-15,21,67
2021-08-15,22,52
2021-08-15,23,16
2021-08-16,0,8
2021-08-16,1,4
2021-08-16,2,0
2021-08-16,3,0
2021-08-16,4,4
2021-08-16,5,14
2021-08-16,6,29
2021-08-16,7,64
2021-08-16,8,95
2021-08-16,9,57
2021-08-16,10,51
2021-08-16,11,77
2021-08-16,12,85
2021-08-16,13,50
2021-08-16,14,71
2021-08-16,15,56
2021-08-16,16,68
2021-08-16,17,52
2021-08-16,18,56
2021-08-16,19,44
2021-08-16,20,66
2021-08-16,21,62
2021-08-16,22,39
2021-08-16,23,19
2021-08-17,0,2
2021-08-17,1,0
2021-08-17,2,1
2021-08-17,3,2
2021-08-17,4,7
2021-08-17,5,16
2021-08-17,6,30
2021-08-17,7,74
2021-08-17,8,79
2021-08-17,9,78
2021-08-17,10,75
2021-08-17,11,56
2021-08-17,12,53
2021-08-17,13,62
2021-08-17,14,52
2021-08-17,15,52
2021-08-17,16,57
2021-08-17,17,52
2021-08-17,18,52
2021-08-17,19,48
2021-08-17,20,55
2021-08-17,21,31
2021-08-17,22,42
2021-08-17,23,20
2021-08-18,0,0
2021-08-18,1,0
2021-08-18,2,0
2021-08-18,3,0
2021-08-18,4,5
2021-08-18,5,16
2021-08-18,6,24
2021-08-18,7,64
2021-08-18,8,98
2021-08-18,9,70
2021-08-18,10,77
2021-08-18,11,88
2021-08-18,12,79
2021-08-18,13,56
2021-08-18,14,76
2021-08-18,15,76
2021-08-18,16,92
2021-08-18,17,67
2021-08-18,18,72
2021-08-18,19,57
2021-08-18,20,52
2021-08-18,21,45
2021-08-18,22,52
2021-08-18,23,22
2021-08-19,0,10
2021-08-19,1,0
2021-08-19,2,0
2021-08-19,3,0
2021-08-19,4,3
2021-08-19,5,12
2021-08-19,6,36
2021-08-19,7,71
2021-08-19,8,84
2021-08-19,9,71
2021-08-19,10,66
2021-08-19,11,67
2021-08-19,12,75
2021-08-19,13,66
2021-08-19,14,84
2021-08-19,15,72
2021-08-19,16,85
2021-08-19,17,62
2021-08-19,18,57
2021-08-19,19,57
2021-08-19,20,80
2021-08-19,21,71
2021-08-19,22,78
2021-08-19,23,24
2021-08-20,0,6
2021-08-20,1,12
2021-08-20,2,16
2021-08-20,3,14
2021-08-20,4,7
2021-08-20,5,12
2021-08-20,6,38
2021-08-20,7,71
2021-08-20,8,88
2021-08-20,9,84
2021-08-20,10,92
2021-08-20,11,96
2021-08-20,12,130
2021-08-20,13,100
2021-08-20,14,91
2021-08-20,15,92
2021-08-20,16,123
2021-08-20,17,123
2021-08-20,18,123
2021-08-20,19,109
2021-08-20,20,88
2021-08-20,21,109
2021-08-20,22,87
2021-08-20,23,36
2021-08-21,0,16
2021-08-21,1,20
2021-08-21,2,23
2021-08-21,3,14
2021-08-21,4,12
2021-08-21,5,17
2021-08-21,6,23
2021-08-21,7,67
2021-08-21,8,80
2021-08-21,9,85
2021-08-21,10,92
2021-08-21,11,83
2021-08-21,12,94
2021-08-21,13,114
2021-08-21,14,107
2021-08-21,15,87
2021-08-21,16,80
2021-08-21,17,98
2021-08-21,18,110
2021-08-21,19,95
2021-08-21,20,110
2021-08-21,21,118
2021-08-21,22,91
2021-08-21,23,44
2021-08-22,0,12
2021-08-22,1,4
2021-08-22,2,30
2021-08-22,3,0
2021-08-22,4,0
2021-08-22,5,12
2021-08-22,6,21
2021-08-22,7,49
2021-08-22,8,75
2021-08-22,9,96
2021-08-22,10,109
2021-08-22,11,92
2021-08-22,12,118
2021-08-22,13,106
2021-08-22,14,84
2021-08-22,15,88
2021-08-22,16,92
2021-08-22,17,75
2021-08-22,18,76
2021-08-22,19,77
2021-08-22,20,66
2021-08-22,21,62
2021-08-22,22,52
2021-08-22,23,18
2021-08-23,0,8
2021-08-23,1,4
2021-08-23,2,0
2021-08-23,3,0
2021-08-23,4,0
2021-08-23,5,23
2021-08-23,6,37
2021-08-23,7,68
2021-08-23,8,87
2021-08-23,9,64
2021-08-23,10,57
2021-08-23,11,62
2021-08-23,12,85
2021-08-23,13,62
2021-08-23,14,60
2021-08-23,15,52
2021-08-23,16,50
2021-08-23,17,51
2021-08-23,18,48
2021-08-23,19,48
2021-08-23,20,61
2021-08-23,21,57
2021-08-23,22,39
2021-08-23,23,19
2021-08-24,0,4
2021-08-24,1,0
2021-08-24,2,0
2021-08-24,3,0
2021-08-24,4,1
2021-08-24,5,16
2021-08-24,6,26
2021-08-24,7,62
2021-08-24,8,76
2021-08-24,9,70
2021-08-24,10,52
2021-08-24,11,48
2021-08-24,12,53
2021-08-24,13,62
2021-08-24,14,63
2021-08-24,15,69
2021-08-24,16,80
2021-08-24,17,58
2021-08-24,18,67
2021-08-24,19,44
2021-08-24,20,52
2021-08-24,21,57
2021-08-24,22,40
2021-08-24,23,16
2021-08-25,0,0
2021-08-25,1,0
2021-08-25,2,0
2021-08-25,3,0
2021-08-25,4,4
2021-08-25,5,10
2021-08-25,6,37
2021-08-25,7,57
2021-08-25,8,92
2021-08-25,9,76
2021-08-25,10,57
2021-08-25,11,66
2021-08-25,12,72
2021-08-25,13,72
2021-08-25,14,75
2021-08-25,15,75
2021-08-25,16,72
2021-08-25,17,71
2021-08-25,18,76
2021-08-25,19,57
2021-08-25,20,52
2021-08-25,21,44
2021-08-25,22,40
2021-08-25,23,14
2021-08-26,0,8
2021-08-26,1,11
2021-08-26,2,8
2021-08-26,3,9
2021-08-26,4,6
2021-08-26,5,20
2021-08-26,6,46
2021-08-26,7,64
2021-08-26,8,80
2021-08-26,9,92
2021-08-26,10,74
2021-08-26,11,72
2021-08-26,12,85
2021-08-26,13,74
2021-08-26,14,70
2021-08-26,15,67
2021-08-26,16,76
2021-08-26,17,62
2021-08-26,18,57
2021-08-26,19,57
2021-08-26,20,80
2021-08-26,21,75
2021-08-26,22,68
2021-08-26,23,29
2021-08-27,0,4
2021-08-27,1,0
2021-08-27,2,13
2021-08-27,3,7
2021-08-27,4,11
2021-08-27,5,9
2021-08-27,6,32
2021-08-27,7,67
2021-08-27,8,92
2021-08-27,9,88
2021-08-27,10,92
2021-08-27,11,105
2021-08-27,12,125
2021-08-27,13,100
2021-08-27,14,96
2021-08-27,15,97
2021-08-27,16,128
2021-08-27,17,114
2021-08-27,18,107
2021-08-27,19,83
2021-08-27,20,67
2021-08-27,21,78
2021-08-27,22,82
2021-08-27,23,33
2021-08-28,0,24
2021-08-28,1,24
2021-08-28,2,34
2021-08-28,3,15
2021-08-28,4,16
2021-08-28,5,9
2021-08-28,6,31
2021-08-28,7,67
2021-08-28,8,80
2021-08-28,9,80
2021-08-28,10,88
2021-08-28,11,100
2021-08-28,12,104
2021-08-28,13,109
2021-08-28,14,88
2021-08-28,15,96
2021-08-28,16,104
2021-08-28,17,105
2021-08-28,18,92
2021-08-28,19,84
2021-08-28,20,109
2021-08-28,21,110
2021-08-28,22,115
2021-08-28,23,55
2021-08-29,0,34
2021-08-29,1,38
2021-08-29,2,30
2021-08-29,3,13
2021-08-29,4,15
2021-08-29,5,13
2021-08-29,6,26
2021-08-29,7,49
2021-08-29,8,66
2021-08-29,9,105
2021-08-29,10,114
2021-08-29,11,88
2021-08-29,12,113
2021-08-29,13,106
2021-08-29,14,93
2021-08-29,15,97
2021-08-29,16,88
2021-08-29,17,75
2021-08-29,18,76
2021-08-29,19,84
2021-08-29,20,66
2021-08-29,21,67
2021-08-29,22,48
2021-08-29,23,16
2021-08-30,0,8
2021-08-30,1,0
2021-08-30,2,0
2021-08-30,3,2
2021-08-30,4,7
2021-08-30,5,22
2021-08-30,6,28
2021-08-30,7,49
2021-08-30,8,77
2021-08-30,9,62
2021-08-30,10,80
2021-08-30,11,87
2021-08-30,12,74
2021-08-30,13,59
2021-08-30,14,66
2021-08-30,15,59
2021-08-30,16,66
2021-08-30,17,46
2021-08-30,18,49
2021-08-30,19,46
2021-08-30,20,29
2021-08-30,21,48
2021-08-30,22,39
2021-08-30,23,15
2021-08-31,0,0
2021-08-31,1,0
2021-08-31,2,1
2021-08-31,3,0
2021-08-31,4,4
2021-08-31,5,16
2021-08-31,6,31
2021-08-31,7,66
2021-08-31,8,71
2021-08-31,9,67
2021-08-31,10,52
2021-08-31,11,52
2021-08-31,12,49
2021-08-31,13,62
2021-08-31,14,57
2021-08-31,15,57
2021-08-31,16,57
2021-08-31,17,52
2021-08-31,18,71
2021-08-31,19,44
2021-08-31,20,62
2021-08-31,21,52
2021-08-31,22,44
2021-08-31,23,21
2021-09-01,0,0
2021-09-01,1,0
2021-09-01,2,0
2021-09-01,3,0
2021-09-01,4,3
2021-09-01,5,17
2021-09-01,6,27
2021-09-01,7,64
2021-09-01,8,111
2021-09-01,9,72
2021-09-01,10,72
2021-09-01,11,71
2021-09-01,12,77
2021-09-01,13,48
2021-09-01,14,76
2021-09-01,15,79
2021-09-01,16,76
2021-09-01,17,64
2021-09-01,18,85
2021-09-01,19,57
2021-09-01,20,52
2021-09-01,21,49
2021-09-01,22,42
2021-09-01,23,24
2021-09-02,0,4
2021-09-02,1,4
2021-09-02,2,0
2021-09-02,3,11
2021-09-02,4,3
2021-09-02,5,15
2021-09-02,6,30
2021-09-02,7,65
2021-09-02,8,84
2021-09-02,9,76
2021-09-02,10,70
2021-09-02,11,66
2021-09-02,12,75
2021-09-02,13,67
2021-09-02,14,71
2021-09-02,15,72
2021-09-02,16,80
2021-09-02,17,72
2021-09-02,18,61
2021-09-02,19,55
2021-09-02,20,47
2021-09-02,21,69
2021-09-02,22,75
2021-09-02,23,23
2021-09-03,0,7
2021-09-03,1,10
2021-09-03,2,18
2021-09-03,3,9
2021-09-03,4,13
2021-09-03,5,14
2021-09-03,6,36
2021-09-03,7,64
2021-09-03,8,92
2021-09-03,9,88
2021-09-03,10,82
2021-09-03,11,92
2021-09-03,12,85
2021-09-03,13,94
2021-09-03,14,101
2021-09-03,15,92
2021-09-03,16,109
2021-09-03,17,99
2021-09-03,18,104
2021-09-03,19,101
2021-09-03,20,74
2021-09-03,21,72
2021-09-03,22,75
2021-09-03,23,38
2021-09-04,0,21
2021-09-04,1,27
2021-09-04,2,31
2021-09-04,3,26
2021-09-04,4,16
2021-09-04,5,16
2021-09-04,6,27
2021-09-04,7,65
2021-09-04,8,76
2021-09-04,9,72
2021-09-04,10,84
2021-09-04,11,88
2021-09-04,12,136
2021-09-04,13,126
2021-09-04,14,111
2021-09-04,15,93
2021-09-04,16,104
2021-09-04,17,110
2021-09-04,18,96
2021-09-04,19,86
2021-09-04,20,72
2021-09-04,21,79
2021-09-04,22,70
2021-09-04,23,74
2021-09-05,0,17
2021-09-05,1,33
2021-09-05,2,31
2021-09-05,3,23
2021-09-05,4,11
2021-09-05,5,13
2021-09-05,6,20
2021-09-05,7,44
2021-09-05,8,61
2021-09-05,9,100
2021-09-05,10,105
2021-09-05,11,88
2021-09-05,12,114
2021-09-05,13,115
2021-09-05,14,99
2021-09-05,15,92
2021-09-05,16,92
2021-09-05,17,80
2021-09-05,18,76
2021-09-05,19,76
2021-09-05,20,65
2021-09-05,21,72
2021-09-05,22,53
2021-09-05,23,16
2021-09-06,0,8
2021-09-06,1,0
2021-09-06,2,0
2021-09-06,3,0
2021-09-06,4,4
2021-09-06,5,16
2021-09-06,6,32
2021-09-06,7,57
2021-09-06,8,84
2021-09-06,9,67
2021-09-06,10,62
2021-09-06,11,80
2021-09-06,12,71
2021-09-06,13,57
2021-09-06,14,63
2021-09-06,15,52
2021-09-06,16,57
2021-09-06,17,48
2021-09-06,18,52
2021-09-06,19,45
2021-09-06,20,48
2021-09-06,21,52
2021-09-06,22,35
2021-09-06,23,29
2021-09-07,0,0
2021-09-07,1,0
2021-09-07,2,0
2021-09-07,3,0
2021-09-07,4,8
2021-09-07,5,13
2021-09-07,6,26
2021-09-07,7,57
2021-09-07,8,71
2021-09-07,9,71
2021-09-07,10,52
2021-09-07,11,52
2021-09-07,12,53
2021-09-07,13,57
2021-09-07,14,57
2021-09-07,15,57
2021-09-07,16,57
2021-09-07,17,52
2021-09-07,18,52
2021-09-07,19,44
2021-09-07,20,57
2021-09-07,21,52
2021-09-07,22,44
2021-09-07,23,24
2021-09-08,0,3
2021-09-08,1,0
2021-09-08,2,0
2021-09-08,3,0
2021-09-08,4,0
2021-09-08,5,20
2021-09-08,6,28
2021-09-08,7,57
2021-09-08,8,88
2021-09-08,9,66
2021-09-08,10,67
2021-09-08,11,67
2021-09-08,12,61
2021-09-08,13,79
2021-09-08,14,77
2021-09-08,15,75
2021-09-08,16,79
2021-09-08,17,67
2021-09-08,18,66
2021-09-08,19,57
2021-09-08,20,52
2021-09-08,21,48
2021-09-08,22,48
2021-09-08,23,20
2021-09-09,0,4
2021-09-09,1,8
2021-09-09,2,0
2021-09-09,3,5
2021-09-09,4,10
2021-09-09,5,16
2021-09-09,6,28
2021-09-09,7,68
2021-09-09,8,91
2021-09-09,9,92
2021-09-09,10,76
2021-09-09,11,86
2021-09-09,12,79
2021-09-09,13,65
2021-09-09,14,76
2021-09-09,15,72
2021-09-09,16,84
2021-09-09,17,72
2021-09-09,18,62
2021-09-09,19,62
2021-09-09,20,76
2021-09-09,21,79
2021-09-09,22,69
2021-09-09,23,60
2021-09-10,0,0
2021-09-10,1,11
2021-09-10,2,26
2021-09-10,3,13
2021-09-10,4,11
2021-09-10,5,18
2021-09-10,6,38
2021-09-10,7,58
2021-09-10,8,97
2021-09-10,9,77
2021-09-10,10,96
2021-09-10,11,109
2021-09-10,12,134
2021-09-10,13,112
2021-09-10,14,92
2021-09-10,15,98
2021-09-10,16,128
2021-09-10,17,115
2021-09-10,18,119
2021-09-10,19,101
2021-09-10,20,76
2021-09-10,21,63
2021-09-10,22,102
2021-09-10,23,42
2021-09-11,0,16
2021-09-11,1,16
2021-09-11,2,33
2021-09-11,3,25
2021-09-11,4,7
2021-09-11,5,13
2021-09-11,6,31
2021-09-11,7,67
2021-09-11,8,76
2021-09-11,9,72
2021-09-11,10,88
2021-09-11,11,105
2021-09-11,12,122
2021-09-11,13,110
2021-09-11,14,92
2021-09-11,15,105
2021-09-11,16,104
2021-09-11,17,90
2021-09-11,18,94
2021-09-11,19,88
2021-09-11,20,105
2021-09-11,21,101
2021-09-11,22,110
2021-09-11,23,72
2021-09-12,0,43
2021-09-12,1,37
2021-09-12,2,43
2021-09-12,3,22
2021-09-12,4,13
2021-09-12,5,16
2021-09-12,6,18
2021-09-12,7,49
2021-09-12,8,75
2021-09-12,9,97
2021-09-12,10,114
2021-09-12,11,92
2021-09-12,12,118
2021-09-12,13,110
2021-09-12,14,92
2021-09-12,15,97
2021-09-12,16,101
2021-09-12,17,84
2021-09-12,18,76
2021-09-12,19,76
2021-09-12,20,76
2021-09-12,21,80
2021-09-12,22,67
2021-09-12,23,40
2021-09-13,0,13
2021-09-13,1,0
2021-09-13,2,6
2021-09-13,3,13
2021-09-13,4,14
2021-09-13,5,15
2021-09-13,6,26
2021-09-13,7,66
2021-09-13,8,92
2021-09-13,9,80
2021-09-13,10,75
2021-09-13,11,84
2021-09-13,12,84
2021-09-13,13,71
2021-09-13,14,71
2021-09-13,15,51
2021-09-13,16,57
2021-09-13,17,53
2021-09-13,18,52
2021-09-13,19,44
2021-09-13,20,48
2021-09-13,21,62
2021-09-13,22,39
2021-09-13,23,24
2021-09-14,0,3
2021-09-14,1,0
2021-09-14,2,0
2021-09-14,3,5
2021-09-14,4,10
2021-09-14,5,12
2021-09-14,6,27
2021-09-14,7,62
2021-09-14,8,76
2021-09-14,9,74
2021-09-14,10,67
2021-09-14,11,92
2021-09-14,12,58
2021-09-14,13,62
2021-09-14,14,57
2021-09-14,15,63
2021-09-14,16,72
2021-09-14,17,57
2021-09-14,18,62
2021-09-14,19,44
2021-09-14,20,57
2021-09-14,21,52
2021-09-14,22,44
2021-09-14,23,26
2021-09-15,0,0
2021-09-15,1,0
2021-09-15,2,7
2021-09-15,3,13
2021-09-15,4,9
2021-09-15,5,14
2021-09-15,6,26
2021-09-15,7,57
2021-09-15,8,93
2021-09-15,9,76
2021-09-15,10,66
2021-09-15,11,76
2021-09-15,12,76
2021-09-15,13,76
2021-09-15,14,80
2021-09-15,15,71
2021-09-15,16,74
2021-09-15,17,85
2021-09-15,18,77
2021-09-15,19,57
2021-09-15,20,52
2021-09-15,21,49
2021-09-15,22,40
2021-09-15,23,26
2021-09-16,0,4
2021-09-16,1,4
2021-09-16,2,0
2021-09-16,3,11
2021-09-16,4,6
2021-09-16,5,16
2021-09-16,6,35
2021-09-16,7,70
2021-09-16,8,88
2021-09-16,9,80
2021-09-16,10,70
2021-09-16,11,71
2021-09-16,12,75
2021-09-16,13,61
2021-09-16,14,80
2021-09-16,15,71
2021-09-16,16,84
2021-09-16,17,62
2021-09-16,18,57
2021-09-16,19,57
2021-09-16,20,80
2021-09-16,21,75
2021-09-16,22,74
2021-09-16,23,31
2021-09-17,0,0
2021-09-17,1,13
2021-09-17,2,18
2021-09-17,3,16
2021-09-17,4,14
2021-09-17,5,16
2021-09-17,6,36
2021-09-17,7,70
2021-09-17,8,105
2021-09-17,9,91
2021-09-17,10,75
2021-09-17,11,97
2021-09-17,12,128
2021-09-17,13,95
2021-09-17,14,90
2021-09-17,15,97
2021-09-17,16,132
2021-09-17,17,120
2021-09-17,18,91
2021-09-17,19,85
2021-09-17,20,78
2021-09-17,21,62
2021-09-17,22,85
2021-09-17,23,43
2021-09-18,0,21
2021-09-18,1,31
2021-09-18,2,29
2021-09-18,3,16
2021-09-18,4,4
2021-09-18,5,11
2021-09-18,6,23
2021-09-18,7,67
2021-09-18,8,70
2021-09-18,9,62
2021-09-18,10,83
2021-09-18,11,84
2021-09-18,12,101
2021-09-18,13,92
2021-09-18,14,88
2021-09-18,15,96
2021-09-18,16,104
2021-09-18,17,101
2021-09-18,18,92
2021-09-18,19,92
2021-09-18,20,101
2021-09-18,21,100
2021-09-18,22,101
2021-09-18,23,58
2021-09-19,0,22
2021-09-19,1,33
2021-09-19,2,33
2021-09-19,3,21
2021-09-19,4,21
2021-09-19,5,17
2021-09-19,6,21
2021-09-19,7,50
2021-09-19,8,66
2021-09-19,9,96
2021-09-19,10,109
2021-09-19,11,88
2021-09-19,12,110
2021-09-19,13,100
2021-09-19,14,93
2021-09-19,15,92
2021-09-19,16,79
2021-09-19,17,75
2021-09-19,18,80
2021-09-19,19,84
2021-09-19,20,65
2021-09-19,21,45
2021-09-19,22,35
2021-09-19,23,23
2021-09-20,0,8
2021-09-20,1,0
2021-09-20,2,0
2021-09-20,3,11
2021-09-20,4,15
2021-09-20,5,23
2021-09-20,6,21
2021-09-20,7,49
2021-09-20,8,84
2021-09-20,9,57
2021-09-20,10,53
2021-09-20,11,62
2021-09-20,12,66
2021-09-20,13,52
2021-09-20,14,57
2021-09-20,15,52
2021-09-20,16,56
2021-09-20,17,49
2021-09-20,18,48
2021-09-20,19,59
2021-09-20,20,53
2021-09-20,21,62
2021-09-20,22,40
2021-09-20,23,15
2021-09-21,0,4
2021-09-21,1,4
2021-09-21,2,0
2021-09-21,3,0
2021-09-21,4,4
2021-09-21,5,16
2021-09-21,6,31
2021-09-21,7,62
2021-09-21,8,85
2021-09-21,9,71
2021-09-21,10,58
2021-09-21,11,59
2021-09-21,12,58
2021-09-21,13,57
2021-09-21,14,53
2021-09-21,15,57
2021-09-21,16,51
2021-09-21,17,52
2021-09-21,18,51
2021-09-21,19,57
2021-09-21,20,62
2021-09-21,21,56
2021-09-21,22,44
2021-09-21,23,31
2021-09-22,0,35
2021-09-22,1,21
2021-09-22,2,22
2021-09-22,3,10
2021-09-22,4,9
2021-09-22,5,22
2021-09-22,6,36
2021-09-22,7,89
2021-09-22,8,120
2021-09-22,9,71
2021-09-22,10,74
2021-09-22,11,78
2021-09-22,12,65
2021-09-22,13,73
2021-09-22,14,76
2021-09-22,15,79
2021-09-22,16,72
2021-09-22,17,67
2021-09-22,18,80
2021-09-22,19,62
2021-09-22,20,48
2021-09-22,21,48
2021-09-22,22,48
2021-09-22,23,27
2021-09-23,0,23
2021-09-23,1,9
2021-09-23,2,21
2021-09-23,3,5
2021-09-23,4,8
2021-09-23,5,21
2021-09-23,6,33
2021-09-23,7,58
2021-09-23,8,84
2021-09-23,9,71
2021-09-23,10,71
2021-09-23,11,49
2021-09-23,12,75
2021-09-23,13,62
2021-09-23,14,84
2021-09-23,15,76
2021-09-23,16,80
2021-09-23,17,72
2021-09-23,18,65
2021-09-23,19,86
2021-09-23,20,74
2021-09-23,21,74
2021-09-23,22,71
2021-09-23,23,40
2021-09-24,0,10
2021-09-24,1,43
2021-09-24,2,16
2021-09-24,3,12
2021-09-24,4,11
2021-09-24,5,21
2021-09-24,6,37
2021-09-24,7,82
2021-09-24,8,78
2021-09-24,9,88
2021-09-24,10,85
2021-09-24,11,82
2021-09-24,12,90
2021-09-24,13,97
2021-09-24,14,96
2021-09-24,15,84
2021-09-24,16,118
2021-09-24,17,114
2021-09-24,18,111
2021-09-24,19,97
2021-09-24,20,80
2021-09-24,21,84
2021-09-24,22,79
2021-09-24,23,47
2021-09-25,0,50
2021-09-25,1,32
2021-09-25,2,41
2021-09-25,3,17
2021-09-25,4,14
2021-09-25,5,7
2021-09-25,6,25
2021-09-25,7,67
2021-09-25,8,79
2021-09-25,9,72
2021-09-25,10,84
2021-09-25,11,96
2021-09-25,12,118
2021-09-25,13,110
2021-09-25,14,92
2021-09-25,15,101
2021-09-25,16,100
2021-09-25,17,105
2021-09-25,18,92
2021-09-25,19,88
2021-09-25,20,100
2021-09-25,21,105
2021-09-25,22,87
2021-09-25,23,98
2021-09-26,0,37
2021-09-26,1,32
2021-09-26,2,44
2021-09-26,3,30
2021-09-26,4,13
2021-09-26,5,16
2021-09-26,6,18
2021-09-26,7,44
2021-09-26,8,75
2021-09-26,9,88
2021-09-26,10,104
2021-09-26,11,60
2021-09-26,12,69
2021-09-26,13,63
2021-09-26,14,58
2021-09-26,15,61
2021-09-26,16,63
2021-09-26,17,82
2021-09-26,18,75
2021-09-26,19,77
2021-09-26,20,52
2021-09-26,21,69
2021-09-26,22,41
2021-09-26,23,34
2021-09-27,0,8
2021-09-27,1,4
2021-09-27,2,8
2021-09-27,3,15
2021-09-27,4,11
2021-09-27,5,18
2021-09-27,6,33
2021-09-27,7,52
2021-09-27,8,75
2021-09-27,9,52
2021-09-27,10,53
2021-09-27,11,62
2021-09-27,12,67
2021-09-27,13,62
2021-09-27,14,63
2021-09-27,15,52
2021-09-27,16,53
2021-09-27,17,48
2021-09-27,18,52
2021-09-27,19,52
2021-09-27,20,53
2021-09-27,21,62
2021-09-27,22,41
2021-09-27,23,11
2021-09-28,0,0
2021-09-28,1,6
2021-09-28,2,9
2021-09-28,3,5
2021-09-28,4,10
2021-09-28,5,12
2021-09-28,6,36
2021-09-28,7,65
2021-09-28,8,76
2021-09-28,9,62
2021-09-28,10,67
2021-09-28,11,66
2021-09-28,12,72
2021-09-28,13,57
2021-09-28,14,54
2021-09-28,15,57
2021-09-28,16,52
2021-09-28,17,48
2021-09-28,18,52
2021-09-28,19,44
2021-09-28,20,57
2021-09-28,21,57
2021-09-28,22,43
2021-09-28,23,31
2021-09-29,0,8
2021-09-29,1,4
2021-09-29,2,5
2021-09-29,3,13
2021-09-29,4,9
2021-09-29,5,17
2021-09-29,6,38
2021-09-29,7,66
2021-09-29,8,111
2021-09-29,9,79
2021-09-29,10,66
2021-09-29,11,79
2021-09-29,12,56
2021-09-29,13,65
2021-09-29,14,72
2021-09-29,15,75
2021-09-29,16,75
2021-09-29,17,67
2021-09-29,18,66
2021-09-29,19,62
2021-09-29,20,48
2021-09-29,21,45
2021-09-29,22,41
2021-09-29,23,31
2021-09-30,0,8
2021-09-30,1,4
2021-09-30,2,4
2021-09-30,3,5
2021-09-30,4,2
2021-09-30,5,20
2021-09-30,6,39
2021-09-30,7,57
2021-09-30,8,111
2021-09-30,9,79
2021-09-30,10,67
2021-09-30,11,74
2021-09-30,12,79
2021-09-30,13,48
2021-09-30,14,80
2021-09-30,15,76
2021-09-30,16,81
2021-09-30,17,62
2021-09-30,18,57
2021-09-30,19,62
2021-09-30,20,71
2021-09-30,21,76
2021-09-30,22,79
2021-09-30,23,31
2021-10-01,0,9
2021-10-01,1,21
2021-10-01,2,13
2021-10-01,3,10
2021-10-01,4,8
2021-10-01,5,21
2021-10-01,6,41
2021-10-01,7,75
2021-10-01,8,89
2021-10-01,9,57
2021-10-01,10,91
2021-10-01,11,97
2021-10-01,12,109
2021-10-01,13,93
2021-10-01,14,94
2021-10-01,15,97
2021-10-01,16,128
2021-10-01,17,124
2021-10-01,18,128
2021-10-01,19,96
2021-10-01,20,80
2021-10-01,21,92
2021-10-01,22,98
2021-10-01,23,70
2021-10-02,0,22
2021-10-02,1,31
2021-10-02,2,44
2021-10-02,3,26
2021-10-02,4,13
2021-10-02,5,16
2021-10-02,6,31
2021-10-02,7,67
2021-10-02,8,80
2021-10-02,9,76
2021-10-02,10,84
2021-10-02,11,100
2021-10-02,12,123
2021-10-02,13,128
2021-10-02,14,115
2021-10-02,15,109
2021-10-02,16,101
2021-10-02,17,119
2021-10-02,18,100
2021-10-02,19,92
2021-10-02,20,109
2021-10-02,21,96
2021-10-02,22,98
2021-10-02,23,78
2021-10-03,0,26
2021-10-03,1,32
2021-10-03,2,33
2021-10-03,3,35
2021-10-03,4,16
2021-10-03,5,12
2021-10-03,6,26
2021-10-03,7,49
2021-10-03,8,70
2021-10-03,9,93
2021-10-03,10,109
2021-10-03,11,105
2021-10-03,12,109
2021-10-03,13,96
2021-10-03,14,89
2021-10-03,15,88
2021-10-03,16,75
2021-10-03,17,84
2021-10-03,18,84
2021-10-03,19,80
2021-10-03,20,57
2021-10-03,21,67
2021-10-03,22,46
2021-10-03,23,18
2021-10-04,0,8
2021-10-04,1,0
2021-10-04,2,10
2021-10-04,3,7
2021-10-04,4,8
2021-10-04,5,13
2021-10-04,6,33
2021-10-04,7,67
2021-10-04,8,84
2021-10-04,9,57
2021-10-04,10,53
2021-10-04,11,70
2021-10-04,12,70
2021-10-04,13,57
2021-10-04,14,57
2021-10-04,15,48
2021-10-04,16,57
2021-10-04,17,48
2021-10-04,18,52
2021-10-04,19,53
2021-10-04,20,48
2021-10-04,21,53
2021-10-04,22,35
2021-10-04,23,19
2021-10-05,0,2
2021-10-05,1,0
2021-10-05,2,2
2021-10-05,3,8
2021-10-05,4,2
2021-10-05,5,10
2021-10-05,6,34
2021-10-05,7,79
2021-10-05,8,80
2021-10-05,9,76
2021-10-05,10,57
2021-10-05,11,57
2021-10-05,12,79
2021-10-05,13,57
2021-10-05,14,57
2021-10-05,15,57
2021-10-05,16,63
2021-10-05,17,58
2021-10-05,18,62
2021-10-05,19,52
2021-10-05,20,53
2021-10-05,21,57
2021-10-05,22,48
2021-10-05,23,22
2021-10-06,0,16
2021-10-06,1,17
2021-10-06,2,11
2021-10-06,3,12
2021-10-06,4,6
2021-10-06,5,11
2021-10-06,6,44
2021-10-06,7,70
2021-10-06,8,93
2021-10-06,9,83
2021-10-06,10,72
2021-10-06,11,66
2021-10-06,12,61
2021-10-06,13,67
2021-10-06,14,80
2021-10-06,15,71
2021-10-06,16,72
2021-10-06,17,67
2021-10-06,18,71
2021-10-06,19,62
2021-10-06,20,48
2021-10-06,21,40
2021-10-06,22,44
2021-10-06,23,14
2021-10-07,0,4
2021-10-07,1,8
2021-10-07,2,4
2021-10-07,3,6
2021-10-07,4,11
2021-10-07,5,19
2021-10-07,6,36
2021-10-07,7,66
2021-10-07,8,84
2021-10-07,9,71
2021-10-07,10,66
2021-10-07,11,62
2021-10-07,12,75
2021-10-07,13,62
2021-10-07,14,76
2021-10-07,15,67
2021-10-07,16,84
2021-10-07,17,62
2021-10-07,18,66
2021-10-07,19,71
2021-10-07,20,80
2021-10-07,21,76
2021-10-07,22,78
2021-10-07,23,57
2021-10-08,0,0
2021-10-08,1,16
2021-10-08,2,14
2021-10-08,3,8
2021-10-08,4,7
2021-10-08,5,26
2021-10-08,6,38
2021-10-08,7,69
2021-10-08,8,98
2021-10-08,9,81
2021-10-08,10,88
2021-10-08,11,92
2021-10-08,12,114
2021-10-08,13,101
2021-10-08,14,92
2021-10-08,15,92
2021-10-08,16,123
2021-10-08,17,119
2021-10-08,18,97
2021-10-08,19,87
2021-10-08,20,76
2021-10-08,21,84
2021-10-08,22,83
2021-10-08,23,54
2021-10-09,0,39
2021-10-09,1,38
2021-10-09,2,36
2021-10-09,3,24
2021-10-09,4,18
2021-10-09,5,15
2021-10-09,6,23
2021-10-09,7,67
2021-10-09,8,80
2021-10-09,9,80
2021-10-09,10,84
2021-10-09,11,96
2021-10-09,12,132
2021-10-09,13,119
2021-10-09,14,96
2021-10-09,15,101
2021-10-09,16,96
2021-10-09,17,101
2021-10-09,18,92
2021-10-09,19,88
2021-10-09,20,105
2021-10-09,21,100
2021-10-09,22,94
2021-10-09,23,68
2021-10-10,0,35
2021-10-10,1,32
2021-10-10,2,35
2021-10-10,3,32
2021-10-10,4,19
2021-10-10,5,12
2021-10-10,6,25
2021-10-10,7,44
2021-10-10,8,71
2021-10-10,9,92
2021-10-10,10,114
2021-10-10,11,80
2021-10-10,12,104
2021-10-10,13,100
2021-10-10,14,76
2021-10-10,15,88
2021-10-10,16,74
2021-10-10,17,80
2021-10-10,18,76
2021-10-10,19,79
2021-10-10,20,66
2021-10-10,21,62
2021-10-10,22,44
2021-10-10,23,17
2021-10-11,0,8
2021-10-11,1,4
2021-10-11,2,5
2021-10-11,3,4
2021-10-11,4,8
2021-10-11,5,11
2021-10-11,6,26
2021-10-11,7,62
2021-10-11,8,81
2021-10-11,9,52
2021-10-11,10,61
2021-10-11,11,62
2021-10-11,12,71
2021-10-11,13,62
2021-10-11,14,62
2021-10-11,15,66
2021-10-11,16,76
2021-10-11,17,48
2021-10-11,18,49
2021-10-11,19,44
2021-10-11,20,44
2021-10-11,21,56
2021-10-11,22,39
2021-10-11,23,22
2021-10-12,0,0
2021-10-12,1,0
2021-10-12,2,0
2021-10-12,3,11
2021-10-12,4,8
2021-10-12,5,10
2021-10-12,6,30
2021-10-12,7,57
2021-10-12,8,61
2021-10-12,9,66
2021-10-12,10,51
2021-10-12,11,57
2021-10-12,12,61
2021-10-12,13,83
2021-10-12,14,71
2021-10-12,15,65
2021-10-12,16,56
2021-10-12,17,48
2021-10-12,18,52
2021-10-12,19,48
2021-10-12,20,58
2021-10-12,21,68
2021-10-12,22,43
2021-10-12,23,39
2021-10-13,0,12
2021-10-13,1,12
2021-10-13,2,12
2021-10-13,3,18
2021-10-13,4,11
2021-10-13,5,12
2021-10-13,15,80
2021-10-13,16,71
2021-10-13,17,67
2021-10-13,18,70
2021-10-13,19,46
2021-10-13,20,52
2021-10-13,21,61
2021-10-13,22,44
2021-10-13,23,27
2021-10-14,0,8
2021-10-14,1,4
2021-10-14,2,6
2021-10-14,3,20
2021-10-14,4,5
2021-10-14,5,15
2021-10-14,6,43
2021-10-14,7,66
2021-10-14,8,73
2021-10-14,9,68
2021-10-14,10,56
2021-10-14,11,62
2021-10-14,12,71
2021-10-14,13,62
2021-10-14,14,80
2021-10-14,15,67
2021-10-14,16,80
2021-10-14,17,62
2021-10-14,18,57
2021-10-14,19,67
2021-10-14,20,71
2021-10-14,21,77
2021-10-14,22,71
2021-10-14,23,30
2021-10-15,0,0
2021-10-15,1,12
2021-10-15,2,21
2021-10-15,3,19
2021-10-15,4,6
2021-10-15,5,18
2021-10-15,6,34
2021-10-15,7,71
2021-10-15,8,65
2021-10-15,9,70
2021-10-15,10,84
2021-10-15,11,88
2021-10-15,12,115
2021-10-15,13,109
2021-10-15,14,93
2021-10-15,15,111
2021-10-15,16,119
2021-10-15,17,115
2021-10-15,18,109
2021-10-15,19,101
2021-10-15,20,88
2021-10-15,21,96
2021-10-15,22,95
2021-10-15,23,61
2021-10-16,0,26
2021-10-16,1,32
2021-10-16,2,31
2021-10-16,3,21
2021-10-16,4,12
2021-10-16,5,9
2021-10-16,6,22
2021-10-16,7,62
2021-10-16,8,71
2021-10-16,9,79
2021-10-16,10,96
2021-10-16,11,104
2021-10-16,12,112
2021-10-16,13,88
2021-10-16,14,92
2021-10-16,15,109
2021-10-16,16,100
2021-10-16,17,123
2021-10-16,18,122
2021-10-16,19,116
2021-10-16,20,97
2021-10-16,21,92
2021-10-16,22,98
2021-10-16,23,86
2021-10-17,0,36
2021-10-17,1,34
2021-10-17,2,43
2021-10-17,3,20
2021-10-17,4,19
2021-10-17,5,13
2021-10-17,6,17
2021-10-17,7,44
2021-10-17,8,63
2021-10-17,9,97
2021-10-17,10,102
2021-10-17,11,83
2021-10-17,12,105
2021-10-17,13,100
2021-10-17,14,84
2021-10-17,15,84
2021-10-17,16,84
2021-10-17,17,70
2021-10-17,18,76
2021-10-17,19,80
2021-10-17,20,62
2021-10-17,21,67
2021-10-17,22,35
2021-10-17,23,18
2021-10-18,0,4
2021-10-18,1,0
2021-10-18,2,0
2021-10-18,3,0
2021-10-18,4,4
2021-10-18,5,16
2021-10-18,6,36
2021-10-18,7,79
2021-10-18,8,106
2021-10-18,9,98
2021-10-18,10,89
2021-10-18,11,96
2021-10-18,12,75
2021-10-18,13,53
2021-10-18,14,57
2021-10-18,15,52
2021-10-18,16,62
2021-10-18,17,44
2021-10-18,18,52
2021-10-18,19,48
2021-10-18,20,52
2021-10-18,21,53
2021-10-18,22,44
2021-10-18,23,17
2021-10-19,0,4
2021-10-19,1,0
2021-10-19,2,0
2021-10-19,3,0
2021-10-19,4,0
2021-10-19,5,10
2021-10-19,6,47
2021-10-19,7,62
2021-10-19,8,94
2021-10-19,9,79
2021-10-19,10,71
2021-10-19,11,67
2021-10-19,12,61
2021-10-19,13,69
2021-10-19,14,62
2021-10-19,15,57
2021-10-19,16,57
2021-10-19,17,49
2021-10-19,18,52
2021-10-19,19,52
2021-10-19,20,57
2021-10-19,21,57
2021-10-19,22,35
2021-10-19,23,20
2021-10-20,0,12
2021-10-20,1,8
2021-10-20,2,4
2021-10-20,3,8
2021-10-20,4,4
2021-10-20,5,11
2021-10-20,6,34
2021-10-20,7,70
2021-10-20,8,101
2021-10-20,9,77
2021-10-20,10,72
2021-10-20,11,67
2021-10-20,12,89
2021-10-20,13,81
2021-10-20,14,74
2021-10-20,15,75
2021-10-20,16,76
2021-10-20,17,67
2021-10-20,18,70
2021-10-20,19,57
2021-10-20,20,52
2021-10-20,21,50
2021-10-20,22,48
2021-10-20,23,24
2021-10-21,0,16
2021-10-21,1,0
2021-10-21,2,6
2021-10-21,3,4
2021-10-21,4,1
2021-10-21,5,14
2021-10-21,6,35
2021-10-21,7,71
2021-10-21,8,88
2021-10-21,9,71
2021-10-21,10,55
2021-10-21,11,70
2021-10-21,12,71
2021-10-21,13,67
2021-10-21,14,76
2021-10-21,15,76
2021-10-21,16,76
2021-10-21,17,62
2021-10-21,18,57
2021-10-21,19,67
2021-10-21,20,44
2021-10-21,21,76
2021-10-21,22,76
2021-10-21,23,46
2021-10-22,0,39
2021-10-22,1,8
2021-10-22,2,10
2021-10-22,3,10
2021-10-22,4,7
2021-10-22,5,14
2021-10-22,6,35
2021-10-22,7,75
2021-10-22,8,114
2021-10-22,9,105
2021-10-22,10,81
2021-10-22,11,91
2021-10-22,12,87
2021-10-22,13,103
2021-10-22,14,92
2021-10-22,15,92
2021-10-22,16,123
2021-10-22,17,110
2021-10-22,18,115
2021-10-22,19,92
2021-10-22,20,76
2021-10-22,21,77
2021-10-22,22,81
2021-10-22,23,59
2021-10-23,0,55
2021-10-23,1,31
2021-10-23,2,31
2021-10-23,3,15
2021-10-23,4,8
2021-10-23,5,12
2021-10-23,6,28
2021-10-23,7,71
2021-10-23,8,76
2021-10-23,9,67
2021-10-23,10,59
2021-10-23,11,79
2021-10-23,12,92
2021-10-23,13,96
2021-10-23,14,85
2021-10-23,15,90
2021-10-23,16,96
2021-10-23,17,96
2021-10-23,18,96
2021-10-23,19,93
2021-10-23,20,97
2021-10-23,21,97
2021-10-23,22,103
2021-10-23,23,83
2021-10-24,0,33
2021-10-24,1,30
2021-10-24,2,37
2021-10-24,3,23
2021-10-24,4,11
2021-10-24,5,9
2021-10-24,6,22
2021-10-24,7,49
2021-10-24,8,79
2021-10-24,9,88
2021-10-24,10,105
2021-10-24,11,84
2021-10-24,12,101
2021-10-24,13,92
2021-10-24,14,80
2021-10-24,15,80
2021-10-24,16,75
2021-10-24,17,75
2021-10-24,18,80
2021-10-24,19,96
2021-10-24,20,76
2021-10-24,21,71
2021-10-24,22,48
2021-10-24,23,37
2021-10-25,0,19
2021-10-25,1,0
2021-10-25,2,8
2021-10-25,3,3
2021-10-25,4,5
2021-10-25,5,28
2021-10-25,6,32
2021-10-25,7,61
2021-10-25,8,79
2021-10-25,9,67
2021-10-25,10,61
2021-10-25,11,76
2021-10-25,12,71
2021-10-25,13,55
2021-10-25,14,57
2021-10-25,15,52
2021-10-25,16,57
2021-10-25,17,48
2021-10-25,18,52
2021-10-25,19,44
2021-10-25,20,52
2021-10-25,21,66
2021-10-25,22,49
2021-10-25,23,25
2021-10-26,0,0
2021-10-26,1,0
2021-10-26,2,3
2021-10-26,3,8
2021-10-26,4,11
2021-10-26,5,29
2021-10-26,6,40
2021-10-26,7,77
2021-10-26,8,84
2021-10-26,9,72
2021-10-26,10,57
2021-10-26,11,62
2021-10-26,12,52
2021-10-26,13,57
2021-10-26,14,57
2021-10-26,15,62
2021-10-26,16,63
2021-10-26,17,64
2021-10-26,18,78
2021-10-26,19,51
2021-10-26,20,46
2021-10-26,21,57
2021-10-26,22,53
2021-10-26,23,40
2021-10-27,0,14
2021-10-27,1,8
2021-10-27,2,4
2021-10-27,3,5
2021-10-27,4,10
2021-10-27,5,28
2021-10-27,6,48
2021-10-27,7,67
2021-10-27,8,92
2021-10-27,9,76
2021-10-27,10,67
2021-10-27,11,76
2021-10-27,12,76
2021-10-27,13,76
2021-10-27,14,76
2021-10-27,15,71
2021-10-27,16,72
2021-10-27,17,72
2021-10-27,18,66
2021-10-27,19,57
2021-10-27,20,44
2021-10-27,21,40
2021-10-27,22,40
2021-10-27,23,31
2021-10-28,0,8
2021-10-28,1,4
2021-10-28,2,4
2021-10-28,3,5
2021-10-28,4,18
2021-10-28,5,15
2021-10-28,6,54
2021-10-28,7,85
2021-10-28,8,109
2021-10-28,9,88
2021-10-28,10,102
2021-10-28,11,80
2021-10-28,12,73
2021-10-28,13,98
2021-10-28,14,71
2021-10-28,15,67
2021-10-28,16,78
2021-10-28,17,104
2021-10-28,18,65
2021-10-28,19,67
2021-10-28,20,67
2021-10-28,21,75
2021-10-28,22,59
2021-10-28,23,30
2021-10-29,0,12
2021-10-29,1,12
2021-10-29,2,14
2021-10-29,3,14
2021-10-29,4,8
2021-10-29,5,20
2021-10-29,6,35
2021-10-29,7,71
2021-10-29,8,92
2021-10-29,9,88
2021-10-29,10,103
2021-10-29,11,103
2021-10-29,12,88
2021-10-29,13,96
2021-10-29,14,77
2021-10-29,15,102
2021-10-29,16,114
2021-10-29,17,103
2021-10-29,18,112
2021-10-29,19,98
2021-10-29,20,90
2021-10-29,21,67
2021-10-29,22,82
2021-10-29,23,72
2021-10-30,0,34
2021-10-30,1,33
2021-10-30,2,50
2021-10-30,3,21
2021-10-30,4,11
2021-10-30,5,19
2021-10-30,6,32
2021-10-30,7,67
2021-10-30,8,80
2021-10-30,9,72
2021-10-30,10,71
2021-10-30,11,88
2021-10-30,12,105
2021-10-30,13,97
2021-10-30,14,84
2021-10-30,15,96
2021-10-30,16,100
2021-10-30,17,100
2021-10-30,18,92
2021-10-30,19,92
2021-10-30,20,97
2021-10-30,21,104
2021-10-30,22,109
2021-10-30,23,60
2021-10-31,0,31
2021-10-31,1,16
2021-10-31,2,43
2021-10-31,3,36
2021-10-31,4,28
2021-10-31,5,15
2021-10-31,6,13
2021-10-31,7,21
2021-10-31,8,44
2021-10-31,9,75
2021-10-31,10,101
2021-10-31,11,109
2021-10-31,12,80
2021-10-31,13,110
2021-10-31,14,96
2021-10-31,15,84
2021-10-31,16,88
2021-10-31,17,79
2021-10-31,18,79
2021-10-31,19,70
2021-10-31,20,55
2021-10-31,21,59
2021-10-31,22,71
2021-10-31,23,58
2021-11-01,0,35
2021-11-01,1,11
2021-11-01,2,4
2021-11-01,3,4
2021-11-01,4,20
2021-11-01,5,24
2021-11-01,6,38
2021-11-01,7,36
2021-11-01,8,62
2021-11-01,9,83
2021-11-01,10,61
2021-11-01,11,67
2021-11-01,12,80
2021-11-01,13,71
2021-11-01,14,57
2021-11-01,15,62
2021-11-01,16,52
2021-11-01,17,67
2021-11-01,18,52
2021-11-01,19,56
2021-11-01,20,54
2021-11-01,21,66
2021-11-01,22,35
2021-11-01,23,48
2021-11-02,0,10
2021-11-02,1,5
2021-11-02,2,0
2021-11-02,3,14
2021-11-02,4,9
2021-11-02,5,14
2021-11-02,6,19
2021-11-02,7,31
2021-11-02,8,68
2021-11-02,9,75
2021-11-02,10,71
2021-11-02,11,67
2021-11-02,12,67
2021-11-02,13,68
2021-11-02,14,55
2021-11-02,15,46
2021-11-02,16,53
2021-11-02,17,37
2021-11-02,18,58
2021-11-02,19,66
2021-11-02,20,54
2021-11-02,21,62
2021-11-02,22,62
2021-11-02,23,48
2021-11-03,0,24
2021-11-03,1,8
2021-11-03,2,12
2021-11-03,3,10
2021-11-03,4,8
2021-11-03,5,6
2021-11-03,6,33
2021-11-03,7,47
2021-11-03,8,71
2021-11-03,9,92
2021-11-03,10,80
2021-11-03,11,88
2021-11-03,12,52
2021-11-03,13,72
2021-11-03,14,74
2021-11-03,15,62
2021-11-03,16,58
2021-11-03,17,69
2021-11-03,18,66
2021-11-03,19,76
2021-11-03,20,57
2021-11-03,21,52
2021-11-03,22,44
2021-11-03,23,48
2021-11-04,0,35
2021-11-04,1,17
2021-11-04,2,6
2021-11-04,3,16
2021-11-04,4,9
2021-11-04,5,11
2021-11-04,6,13
2021-11-04,7,31
2021-11-04,8,58
2021-11-04,9,75
2021-11-04,10,70
2021-11-04,11,80
2021-11-04,12,78
2021-11-04,13,75
2021-11-04,14,76
2021-11-04,15,80
2021-11-04,16,76
2021-11-04,17,86
2021-11-04,18,84
2021-11-04,19,62
2021-11-04,20,62
2021-11-04,21,76
2021-11-04,22,76
2021-11-04,23,81
2021-11-05,0,46
2021-11-05,1,8
2021-11-05,2,26
2021-11-05,3,21
2021-11-05,4,20
2021-11-05,5,16
2021-11-05,6,20
2021-11-05,7,44
2021-11-05,8,75
2021-11-05,9,97
2021-11-05,10,88
2021-11-05,11,96
2021-11-05,12,101
2021-11-05,13,99
2021-11-05,14,88
2021-11-05,15,79
2021-11-05,16,76
2021-11-05,17,79
2021-11-05,18,65
2021-11-05,19,72
2021-11-05,20,65
2021-11-05,21,84
2021-11-05,22,84
2021-11-05,23,78
2021-11-06,0,62
2021-11-06,1,26
2021-11-06,2,40
2021-11-06,3,41
2021-11-06,4,31
2021-11-06,5,21
2021-11-06,6,14
2021-11-06,7,49
2021-11-06,8,96
2021-11-06,9,109
2021-11-06,10,92
2021-11-06,11,96
2021-11-06,12,96
2021-11-06,13,105
2021-11-06,14,100
2021-11-06,15,84
2021-11-06,16,109
2021-11-06,17,114
2021-11-06,18,106
2021-11-06,19,92
2021-11-06,20,92
2021-11-06,21,106
2021-11-06,22,104
2021-11-06,23,106
2021-11-07,0,79
2021-11-07,1,35
2021-11-07,2,43
2021-11-07,3,44
2021-11-07,4,31
2021-11-07,5,16
2021-11-07,6,31
2021-11-07,7,35
2021-11-07,8,57
2021-11-07,9,76
2021-11-07,10,105
2021-11-07,11,136
2021-11-07,12,105
2021-11-07,13,123
2021-11-07,14,95
2021-11-07,15,84
2021-11-07,16,95
2021-11-07,17,91
2021-11-07,18,85
2021-11-07,19,82
2021-11-07,20,76
2021-11-07,21,75
2021-11-07,22,84
2021-11-07,23,58
2021-11-08,0,24
2021-11-08,1,8
2021-11-08,2,22
2021-11-08,3,11
2021-11-08,4,8
2021-11-08,5,10
2021-11-08,6,18
2021-11-08,7,34
2021-11-08,8,61
2021-11-08,9,80
2021-11-08,10,71
2021-11-08,11,66
2021-11-08,12,75
2021-11-08,13,71
2021-11-08,14,57
2021-11-08,15,66
2021-11-08,16,52
2021-11-08,17,57
2021-11-08,18,48
2021-11-08,19,57
2021-11-08,20,49
2021-11-08,21,52
2021-11-08,22,57
2021-11-08,23,42
2021-11-09,0,22
2021-11-09,1,4
2021-11-09,2,0
2021-11-09,3,4
2021-11-09,4,5
2021-11-09,5,11
2021-11-09,6,13
2021-11-09,7,36
2021-11-09,8,61
2021-11-09,9,66
2021-11-09,10,74
2021-11-09,11,46
2021-11-09,12,52
2021-11-09,13,57
2021-11-09,14,62
2021-11-09,15,58
2021-11-09,16,55
2021-11-09,17,63
2021-11-09,18,67
2021-11-09,19,62
2021-11-09,20,72
2021-11-09,21,50
2021-11-09,22,72
2021-11-09,23,53
2021-11-10,0,21
2021-11-10,1,8
2021-11-10,2,8
2021-11-10,3,20
2021-11-10,4,10
2021-11-10,5,5
2021-11-10,6,31
2021-11-10,7,40
2021-11-10,8,67
2021-11-10,9,92
2021-11-10,10,72
2021-11-10,11,76
2021-11-10,12,71
2021-11-10,13,66
2021-11-10,14,67
2021-11-10,15,76
2021-11-10,16,82
2021-11-10,17,62
2021-11-10,18,81
2021-11-10,19,70
2021-11-10,20,67
2021-11-10,21,44
2021-11-10,22,44
2021-11-10,23,38
2021-11-11,0,26
2021-11-11,1,8
2021-11-11,2,4
2021-11-11,3,4
2021-11-11,4,14
2021-11-11,5,12
2021-11-11,6,18
2021-11-11,7,40
2021-11-11,8,71
2021-11-11,9,84
2021-11-11,10,72
2021-11-11,11,71
2021-11-11,12,67
2021-11-11,13,75
2021-11-11,14,67
2021-11-11,15,76
2021-11-11,16,67
2021-11-11,17,72
2021-11-11,18,67
2021-11-11,19,57
2021-11-11,20,62
2021-11-11,21,67
2021-11-11,22,76
2021-11-11,23,59
2021-11-12,0,52
2021-11-12,1,16
2021-11-12,2,12
2021-11-12,3,10
2021-11-12,4,22
2021-11-12,5,27
2021-11-12,6,36
2021-11-12,7,34
2021-11-12,8,60
2021-11-12,9,78
2021-11-12,10,71
2021-11-12,11,79
2021-11-12,12,82
2021-11-12,13,80
2021-11-12,14,85
2021-11-12,15,57
2021-11-12,16,53
2021-11-12,17,65
2021-11-12,18,71
2021-11-12,19,83
2021-11-12,20,76
2021-11-12,21,51
2021-11-12,22,64
2021-11-12,23,64
2021-11-13,0,49
2021-11-13,1,26
2021-11-13,2,31
2021-11-13,3,18
2021-11-13,4,23
2021-11-13,5,23
2021-11-13,6,15
2021-11-13,7,19
2021-11-13,8,57
2021-11-13,9,80
2021-11-13,10,72
2021-11-13,11,66
2021-11-13,12,76
2021-11-13,13,102
2021-11-13,14,85
2021-11-13,15,103
2021-11-13,16,96
2021-11-13,17,96
2021-11-13,18,92
2021-11-13,19,92
2021-11-13,20,98
2021-11-13,21,83
2021-11-13,22,96
2021-11-13,23,99
2021-11-14,0,66
2021-11-14,1,31
2021-11-14,2,33
2021-11-14,3,38
2021-11-14,4,19
2021-11-14,5,17
2021-11-14,6,12
2021-11-14,7,22
2021-11-14,8,49
2021-11-14,9,61
2021-11-14,10,92
2021-11-14,11,105
2021-11-14,12,80
2021-11-14,13,88
2021-11-14,14,76
2021-11-14,15,64
2021-11-14,16,66
2021-11-14,17,75
2021-11-14,18,70
2021-11-14,19,62
2021-11-14,20,67
2021-11-14,21,53
2021-11-14,22,52
2021-11-14,23,36
2021-11-15,0,16
2021-11-15,1,8
2021-11-15,2,0
2021-11-15,3,0
2021-11-15,4,4
2021-11-15,5,4
2021-11-15,6,27
2021-11-15,7,46
2021-11-15,8,71
2021-11-15,9,92
2021-11-15,10,87
2021-11-15,11,82
2021-11-15,12,76
2021-11-15,13,86
2021-11-15,14,83
2021-11-15,15,57
2021-11-15,16,52
2021-11-15,17,62
2021-11-15,18,52
2021-11-15,19,57
2021-11-15,20,49
2021-11-15,21,40
2021-11-15,22,52
2021-11-15,23,53
2021-11-16,0,26
2021-11-16,1,0
2021-11-16,2,2
2021-11-16,3,2
2021-11-16,4,7
2021-11-16,5,7
2021-11-16,6,19
2021-11-16,7,31
2021-11-16,8,66
2021-11-16,9,75
2021-11-16,10,80
2021-11-16,11,62
2021-11-16,12,57
2021-11-16,13,66
2021-11-16,14,62
2021-11-16,15,57
2021-11-16,16,75
2021-11-16,17,49
2021-11-16,18,57
2021-11-16,19,52
2021-11-16,20,48
2021-11-16,21,44
2021-11-16,22,62
2021-11-16,23,37
2021-11-17,0,16
2021-11-17,1,12
2021-11-17,2,7
2021-11-17,3,16
2021-11-17,4,9
2021-11-17,5,11
2021-11-17,6,19
2021-11-17,7,35
2021-11-17,8,66
2021-11-17,9,102
2021-11-17,10,72
2021-11-17,11,115
2021-11-17,12,79
2021-11-17,13,71
2021-11-17,14,71
2021-11-17,15,76
2021-11-17,16,67
2021-11-17,17,67
2021-11-17,18,72
2021-11-17,19,71
2021-11-17,20,52
2021-11-17,21,44
2021-11-17,22,53
2021-11-17,23,44
2021-11-18,0,13
2021-11-18,1,8
2021-11-18,2,0
2021-11-18,3,4
2021-11-18,4,12
2021-11-18,5,3
2021-11-18,6,17
2021-11-18,7,35
2021-11-18,8,66
2021-11-18,9,92
2021-11-18,10,87
2021-11-18,11,66
2021-11-18,12,73
2021-11-18,13,79
2021-11-18,14,89
2021-11-18,15,79
2021-11-18,16,89
2021-11-18,17,95
2021-11-18,18,71
2021-11-18,19,57
2021-11-18,20,67
2021-11-18,21,62
2021-11-18,22,76
2021-11-18,23,61
2021-11-19,0,15
2021-11-19,1,20
2021-11-19,2,6
2021-11-19,3,19
2021-11-19,4,12
2021-11-19,5,8
2021-11-19,6,19
2021-11-19,7,46
2021-11-19,8,70
2021-11-19,9,83
2021-11-19,10,54
2021-11-19,11,88
2021-11-19,12,84
2021-11-19,13,91
2021-11-19,14,93
2021-11-19,15,92
2021-11-19,16,75
2021-11-19,17,89
2021-11-19,18,120
2021-11-19,19,120
2021-11-19,20,85
2021-11-19,21,73
2021-11-19,22,76
2021-11-19,23,84
2021-11-20,0,85
2021-11-20,1,27
2021-11-20,2,34
2021-11-20,3,27
2021-11-20,4,18
2021-11-20,5,15
2021-11-20,6,14
2021-11-20,7,25
2021-11-20,8,66
2021-11-20,9,71
2021-11-20,10,72
2021-11-20,11,80
2021-11-20,12,88
2021-11-20,13,110
2021-11-20,14,100
2021-11-20,15,96
2021-11-20,16,100
2021-11-20,17,96
2021-11-20,18,101
2021-11-20,19,91
2021-11-20,20,111
2021-11-20,21,77
2021-11-20,22,105
2021-11-20,23,113
2021-11-21,0,98
2021-11-21,1,31
2021-11-21,2,31
2021-11-21,3,23
2021-11-21,4,28
2021-11-21,5,8
2021-11-21,6,13
2021-11-21,7,21
2021-11-21,8,39
2021-11-21,9,66
2021-11-21,10,105
2021-11-21,11,118
2021-11-21,12,84
2021-11-21,13,114
2021-11-21,14,97
2021-11-21,15,79
2021-11-21,16,68
2021-11-21,17,51
2021-11-21,18,64
2021-11-21,19,62
2021-11-21,20,67
2021-11-21,21,53
2021-11-21,22,57
2021-11-21,23,40
2021-11-22,0,24
2021-11-22,1,13
2021-11-22,2,0
2021-11-22,3,0
2021-11-22,4,8
2021-11-22,5,12
2021-11-22,6,23
2021-11-22,7,40
2021-11-22,8,53
2021-11-22,9,82
2021-11-22,10,72
2021-11-22,11,60
2021-11-22,12,71
2021-11-22,13,45
2021-11-22,14,48
2021-11-22,15,51
2021-11-22,16,52
2021-11-22,17,57
2021-11-22,18,48
2021-11-22,19,48
2021-11-22,20,53
2021-11-22,21,48
2021-11-22,22,75
2021-11-22,23,39
2021-11-23,0,16
2021-11-23,1,3
2021-11-23,2,9
2021-11-23,3,10
2021-11-23,4,9
2021-11-23,5,11
2021-11-23,6,4
2021-11-23,7,30
2021-11-23,8,70
2021-11-23,9,75
2021-11-23,10,62
2021-11-23,11,57
2021-11-23,12,74
2021-11-23,13,61
2021-11-23,14,62
2021-11-23,15,62
2021-11-23,16,68
2021-11-23,17,53
2021-11-23,18,48
2021-11-23,19,67
2021-11-23,20,48
2021-11-23,21,48
2021-11-23,22,53
2021-11-23,23,45
2021-11-24,0,12
2021-11-24,1,29
2021-11-24,2,12
2021-11-24,3,15
2021-11-24,4,9
2021-11-24,5,5
2021-11-24,6,8
2021-11-24,7,36
2021-11-24,8,62
2021-11-24,9,105
2021-11-24,10,78
2021-11-24,11,98
2021-11-24,12,67
2021-11-24,13,71
2021-11-24,14,67
2021-11-24,15,80
2021-11-24,16,67
2021-11-24,17,72
2021-11-24,18,72
2021-11-24,19,71
2021-11-24,20,53
2021-11-24,21,48
2021-11-24,22,40
2021-11-24,23,40
2021-11-25,0,13
2021-11-25,1,7
2021-11-25,2,0
2021-11-25,3,4
2021-11-25,4,8
2021-11-25,5,4
2021-11-25,6,18
2021-11-25,7,32
2021-11-25,8,75
2021-11-25,9,88
2021-11-25,10,75
2021-11-25,11,72
2021-11-25,12,62
2021-11-25,13,79
2021-11-25,14,76
2021-11-25,15,74
2021-11-25,16,71
2021-11-25,17,80
2021-11-25,18,72
2021-11-25,19,62
2021-11-25,20,62
2021-11-25,21,67
2021-11-25,22,76
2021-11-25,23,79
2021-11-26,0,31
2021-11-26,1,12
2021-11-26,2,16
2021-11-26,3,19
2021-11-26,4,10
2021-11-26,5,9
2021-11-26,6,11
2021-11-26,7,28
2021-11-26,8,67
2021-11-26,9,84
2021-11-26,10,80
2021-11-26,11,96
2021-11-26,12,92
2021-11-26,13,101
2021-11-26,14,110
2021-11-26,15,84
2021-11-26,16,84
2021-11-26,17,110
2021-11-26,18,105
2021-11-26,19,114
2021-11-26,20,88
2021-11-26,21,76
2021-11-26,22,91
2021-11-26,23,68
2021-11-27,0,71
2021-11-27,1,39
2021-11-27,2,36
2021-11-27,3,39
2021-11-27,4,34
2021-11-27,5,14
2021-11-27,6,8
2021-11-27,7,26
2021-11-27,8,62
2021-11-27,9,76
2021-11-27,10,72
2021-11-27,11,72
2021-11-27,12,84
2021-11-27,13,120
2021-11-27,14,109
2021-11-27,15,97
2021-11-27,16,89
2021-11-27,17,114
2021-11-27,18,104
2021-11-27,19,105
2021-11-27,20,93
2021-11-27,21,88
2021-11-27,22,92
2021-11-27,23,98
2021-11-28,0,75
2021-11-28,1,31
2021-11-28,2,39
2021-11-28,3,32
2021-11-28,4,18
2021-11-28,5,15
2021-11-28,6,8
2021-11-28,7,19
2021-11-28,8,44
2021-11-28,9,66
2021-11-28,10,96
2021-11-28,11,123
2021-11-28,12,88
2021-11-28,13,115
2021-11-28,14,100
2021-11-28,15,88
2021-11-28,16,84
2021-11-28,17,76
2021-11-28,18,76
2021-11-28,19,66
2021-11-28,20,71
2021-11-28,21,57
2021-11-28,22,67
2021-11-28,23,40
2021-11-29,0,9
2021-11-29,1,17
2021-11-29,2,5
2021-11-29,3,15
2021-11-29,4,12
2021-11-29,5,17
2021-11-29,6,13
2021-11-29,7,25
2021-11-29,8,66
2021-11-29,9,84
2021-11-29,10,72
2021-11-29,11,65
2021-11-29,12,79
2021-11-29,13,74
2021-11-29,14,66
2021-11-29,15,57
2021-11-29,16,57
2021-11-29,17,62
2021-11-29,18,84
2021-11-29,19,90
2021-11-29,20,57
2021-11-29,21,53
2021-11-29,22,48
2021-11-29,23,43
2021-11-30,0,22
2021-11-30,1,4
2021-11-30,2,9
2021-11-30,3,13
2021-11-30,4,4
2021-11-30,5,9
2021-11-30,6,21
2021-11-30,7,31
2021-11-30,8,71
2021-11-30,9,80
2021-11-30,10,76
2021-11-30,11,62
2021-11-30,12,62
2021-11-30,13,62
2021-11-30,14,72
2021-11-30,15,62
2021-11-30,16,78
2021-11-30,17,76
2021-11-30,18,97
2021-11-30,19,75
2021-11-30,20,42
2021-11-30,21,49
2021-11-30,22,67
2021-11-30,23,39
2021-12-01,0,18
2021-12-01,1,17
2021-12-01,2,8
2021-12-01,3,15
2021-12-01,4,12
2021-12-01,5,7
2021-12-01,6,19
2021-12-01,7,31
2021-12-01,8,62
2021-12-01,9,100
2021-12-01,10,76
2021-12-01,11,84
2021-12-01,12,71
2021-12-01,13,71
2021-12-01,14,79
2021-12-01,15,85
2021-12-01,16,76
2021-12-01,17,76
2021-12-01,18,80
2021-12-01,19,75
2021-12-01,20,67
2021-12-01,21,44
2021-12-01,22,48
2021-12-01,23,42
2021-12-02,0,20
2021-12-02,1,8
2021-12-02,2,0
2021-12-02,3,4
2021-12-02,4,12
2021-12-02,5,8
2021-12-02,6,22
2021-12-02,7,26
2021-12-02,8,71
2021-12-02,9,88
2021-12-02,10,76
2021-12-02,11,72
2021-12-02,12,75
2021-12-02,13,80
2021-12-02,14,72
2021-12-02,15,84
2021-12-02,16,80
2021-12-02,17,88
2021-12-02,18,76
2021-12-02,19,57
2021-12-02,20,71
2021-12-02,21,71
2021-12-02,22,72
2021-12-02,23,75
2021-12-03,0,30
2021-12-03,1,12
2021-12-03,2,12
2021-12-03,3,18
2021-12-03,4,15
2021-12-03,5,12
2021-12-03,6,17
2021-12-03,7,32
2021-12-03,8,72
2021-12-03,9,97
2021-12-03,10,80
2021-12-03,11,88
2021-12-03,12,92
2021-12-03,13,101
2021-12-03,14,96
2021-12-03,15,86
2021-12-03,16,97
2021-12-03,17,107
2021-12-03,18,111
2021-12-03,19,132
2021-12-03,20,113
2021-12-03,21,79
2021-12-03,22,104
2021-12-03,23,132
2021-12-04,0,149
2021-12-04,1,61
2021-12-04,2,32
2021-12-04,3,35
2021-12-04,4,23
2021-12-04,5,11
2021-12-04,6,16
2021-12-04,7,19
2021-12-04,8,48
2021-12-04,9,80
2021-12-04,10,72
2021-12-04,11,80
2021-12-04,12,92
2021-12-04,13,128
2021-12-04,14,114
2021-12-04,15,96
2021-12-04,16,109
2021-12-04,17,105
2021-12-04,18,104
2021-12-04,19,135
2021-12-04,20,90
2021-12-04,21,86
2021-12-04,22,96
2021-12-04,23,91
2021-12-05,0,69
2021-12-05,1,30
2021-12-05,2,41
2021-12-05,3,40
2021-12-05,4,32
2021-12-05,5,9
2021-12-05,6,7
2021-12-05,7,21
2021-12-05,8,49
2021-12-05,9,61
2021-12-05,10,101
2021-12-05,11,114
2021-12-05,12,84
2021-12-05,13,105
2021-12-05,14,110
2021-12-05,15,84
2021-12-05,16,88
2021-12-05,17,79
2021-12-05,18,80
2021-12-05,19,71
2021-12-05,20,72
2021-12-05,21,57
2021-12-05,22,62
2021-12-05,23,44
2021-12-06,0,21
2021-12-06,1,13
2021-12-06,2,0
2021-12-06,3,8
2021-12-06,4,4
2021-12-06,5,9
2021-12-06,6,12
2021-12-06,7,26
2021-12-06,8,57
2021-12-06,9,84
2021-12-06,10,80
2021-12-06,11,71
2021-12-06,12,74
2021-12-06,13,84
2021-12-06,14,62
2021-12-06,15,62
2021-12-06,16,52
2021-12-06,17,57
2021-12-06,18,40
2021-12-06,19,48
2021-12-06,20,49
2021-12-06,21,48
2021-12-06,22,40
2021-12-06,23,37
2021-12-07,0,33
2021-12-07,1,14
2021-12-07,2,8
2021-12-07,3,8
2021-12-07,4,7
2021-12-07,5,9
2021-12-07,6,16
2021-12-07,7,31
2021-12-07,8,61
2021-12-07,9,78
2021-12-07,10,78
2021-12-07,11,69
2021-12-07,12,62
2021-12-07,13,66
2021-12-07,14,62
2021-12-07,15,62
2021-12-07,16,57
2021-12-07,17,62
2021-12-07,18,62
2021-12-07,19,62
2021-12-07,20,54
2021-12-07,21,48
2021-12-07,22,57
2021-12-07,23,40
2021-12-08,0,21
2021-12-08,1,8
2021-12-08,2,12
2021-12-08,3,12
2021-12-08,4,4
2021-12-08,5,8
2021-12-08,6,14
2021-12-08,7,35
2021-12-08,8,67
2021-12-08,9,75
2021-12-08,10,77
2021-12-08,11,85
2021-12-08,12,75
2021-12-08,13,80
2021-12-08,14,80
2021-12-08,15,80
2021-12-08,16,72
2021-12-08,17,72
2021-12-08,18,72
2021-12-08,19,74
2021-12-08,20,59
2021-12-08,21,38
2021-12-08,22,44
2021-12-08,23,44
2021-12-09,0,29
2021-12-09,1,17
2021-12-09,2,4
2021-12-09,3,4
2021-12-09,4,5
2021-12-09,5,8
2021-12-09,6,16
2021-12-09,7,32
2021-12-09,8,82
2021-12-09,9,87
2021-12-09,10,108
2021-12-09,11,86
2021-12-09,12,84
2021-12-09,13,93
2021-12-09,14,88
2021-12-09,15,89
2021-12-09,16,79
2021-12-09,17,94
2021-12-09,18,81
2021-12-09,19,66
2021-12-09,20,67
2021-12-09,21,67
2021-12-09,22,72
2021-12-09,23,64
2021-12-10,0,27
2021-12-10,1,20
2021-12-10,2,16
2021-12-10,3,16
2021-12-10,4,12
2021-12-10,5,6
2021-12-10,6,20
2021-12-10,7,37
2021-12-10,8,59
2021-12-10,9,85
2021-12-10,10,98
2021-12-10,11,84
2021-12-10,12,84
2021-12-10,13,101
2021-12-10,14,100
2021-12-10,15,88
2021-12-10,16,92
2021-12-10,17,106
2021-12-10,18,113
2021-12-10,19,114
2021-12-10,20,88
2021-12-10,21,80
2021-12-10,22,88
2021-12-10,23,102
2021-12-11,0,102
2021-12-11,1,53
2021-12-11,2,46
2021-12-11,3,38
2021-12-11,4,29
2021-12-11,5,12
2021-12-11,6,11
2021-12-11,7,26
2021-12-11,8,58
2021-12-11,9,76
2021-12-11,10,72
2021-12-11,11,113
2021-12-11,12,93
2021-12-11,13,143
2021-12-11,14,119
2021-12-11,15,109
2021-12-11,16,84
2021-12-11,17,127
2021-12-11,18,113
2021-12-11,19,117
2021-12-11,20,95
2021-12-11,21,103
2021-12-11,22,88
2021-12-11,23,111
2021-12-12,0,75
2021-12-12,1,39
2021-12-12,2,50
2021-12-12,3,39
2021-12-12,4,28
2021-12-12,5,18
2021-12-12,6,10
2021-12-12,7,21
2021-12-12,8,49
2021-12-12,9,70
2021-12-12,10,96
2021-12-12,11,124
2021-12-12,12,88
2021-12-12,13,109
2021-12-12,14,105
2021-12-12,15,84
2021-12-12,16,88
2021-12-12,17,77
2021-12-12,18,80
2021-12-12,19,71
2021-12-12,20,71
2021-12-12,21,57
2021-12-12,22,67
2021-12-12,23,53
2021-12-13,0,22
2021-12-13,1,22
2021-12-13,2,15
2021-12-13,3,9
2021-12-13,4,15
2021-12-13,5,9
2021-12-13,6,18
2021-12-13,7,24
2021-12-13,8,70
2021-12-13,9,79
2021-12-13,10,62
2021-12-13,11,76
2021-12-13,12,80
2021-12-13,13,72
2021-12-13,14,62
2021-12-13,15,62
2021-12-13,16,52
2021-12-13,17,57
2021-12-13,18,44
2021-12-13,19,48
2021-12-13,20,44
2021-12-13,21,57
2021-12-13,22,57
2021-12-13,23,35
2021-12-14,0,21
2021-12-14,1,4
2021-12-14,2,4
2021-12-14,3,8
2021-12-14,4,0
2021-12-14,5,4
2021-12-14,6,17
2021-12-14,7,26
2021-12-14,8,61
2021-12-14,9,65
2021-12-14,10,71
2021-12-14,11,62
2021-12-14,12,62
2021-12-14,13,66
2021-12-14,14,57
2021-12-14,15,62
2021-12-14,16,53
2021-12-14,17,53
2021-12-14,18,67
2021-12-14,19,62
2021-12-14,20,48
2021-12-14,21,48
2021-12-14,22,52
2021-12-14,23,43
2021-12-15,0,22
2021-12-15,1,14
2021-12-15,2,12
2021-12-15,3,8
2021-12-15,4,9
2021-12-15,5,10
2021-12-15,6,9
2021-12-15,7,30
2021-12-15,8,68
2021-12-15,9,84
2021-12-15,10,72
2021-12-15,11,74
2021-12-15,12,79
2021-12-15,13,76
2021-12-15,14,76
2021-12-15,15,80
2021-12-15,16,72
2021-12-15,17,67
2021-12-15,18,72
2021-12-15,19,70
2021-12-15,20,62
2021-12-15,21,44
2021-12-15,22,53
2021-12-15,23,44
2021-12-16,0,16
2021-12-16,1,13
2021-12-16,2,12
2021-12-16,3,10
2021-12-16,4,8
2021-12-16,5,4
2021-12-16,6,17
2021-12-16,7,30
2021-12-16,8,74
2021-12-16,9,97
2021-12-16,10,80
2021-12-16,11,71
2021-12-16,12,71
2021-12-16,13,80
2021-12-16,14,84
2021-12-16,15,80
2021-12-16,16,80
2021-12-16,17,88
2021-12-16,18,80
2021-12-16,19,57
2021-12-16,20,67
2021-12-16,21,67
2021-12-16,22,76
2021-12-16,23,64
2021-12-17,0,42
2021-12-17,1,17
2021-12-17,2,8
2021-12-17,3,17
2021-12-17,4,8
2021-12-17,5,13
2021-12-17,6,16
2021-12-17,7,29
2021-12-17,8,62
2021-12-17,9,88
2021-12-17,10,80
2021-12-17,11,88
2021-12-17,12,92
2021-12-17,13,97
2021-12-17,14,96
2021-12-17,15,84
2021-12-17,16,84
2021-12-17,17,97
2021-12-17,18,109
2021-12-17,19,100
2021-12-17,20,88
2021-12-17,21,80
2021-12-17,22,84
2021-12-17,23,96
2021-12-18,0,74
2021-12-18,1,32
2021-12-18,2,34
2021-12-18,3,30
2021-12-18,4,18
2021-12-18,5,4
2021-12-18,6,8
2021-12-18,7,23
2021-12-18,8,58
2021-12-18,9,80
2021-12-18,10,80
2021-12-18,11,89
2021-12-18,12,96
2021-12-18,13,124
2021-12-18,14,110
2021-12-18,15,100
2021-12-18,16,96
2021-12-18,17,104
2021-12-18,18,109
2021-12-18,19,106
2021-12-18,20,97
2021-12-18,21,92
2021-12-18,22,92
2021-12-18,23,100
2021-12-19,0,79
2021-12-19,1,57
2021-12-19,2,29
2021-12-19,3,46
2021-12-19,4,22
2021-12-19,5,14
2021-12-19,6,8
2021-12-19,7,21
2021-12-19,8,44
2021-12-19,9,66
2021-12-19,10,92
2021-12-19,11,119
2021-12-19,12,92
2021-12-19,13,114
2021-12-19,14,100
2021-12-19,15,84
2021-12-19,16,76
2021-12-19,17,75
2021-12-19,18,75
2021-12-19,19,71
2021-12-19,20,76
2021-12-19,21,57
2021-12-19,22,67
2021-12-19,23,48
2021-12-20,0,22
2021-12-20,1,21
2021-12-20,2,12
2021-12-20,3,17
2021-12-20,4,9
2021-12-20,5,12
2021-12-20,6,17
2021-12-20,7,27
2021-12-20,8,68
2021-12-20,9,77
2021-12-20,10,56
2021-12-20,11,84
2021-12-20,12,76
2021-12-20,13,98
2021-12-20,14,73
2021-12-20,15,80
2021-12-20,16,70
2021-12-20,17,87
2021-12-20,18,71
2021-12-20,19,79
2021-12-20,20,59
2021-12-20,21,35
2021-12-20,22,53
2021-12-20,23,35
2021-12-21,0,13
2021-12-21,1,4
2021-12-21,2,0
2021-12-21,3,4
2021-12-21,4,0
2021-12-21,10,63
2021-12-21,11,57
2021-12-21,12,62
2021-12-21,13,62
2021-12-21,14,72
2021-12-21,15,67
2021-12-21,16,66
2021-12-21,17,57
2021-12-21,18,72
2021-12-21,19,67
2021-12-21,20,52
2021-12-21,21,57
2021-12-21,22,71
2021-12-21,23,47
2021-12-22,0,32
2021-12-22,1,11
2021-12-22,2,8
2021-12-22,3,14
2021-12-22,4,10
2021-12-22,5,9
2021-12-22,6,14
2021-12-22,7,29
2021-12-22,8,66
2021-12-22,9,76
2021-12-22,10,75
2021-12-22,11,74
2021-12-22,12,97
2021-12-22,13,86
2021-12-22,14,84
2021-12-22,15,88
2021-12-22,16,75
2021-12-22,17,78
2021-12-22,18,76
2021-12-22,19,76
2021-12-22,20,57
2021-12-22,21,47
2021-12-22,22,43
2021-12-22,23,44
2021-12-23,0,21
2021-12-23,1,13
2021-12-23,2,10
2021-12-23,3,10
2021-12-23,4,5
2021-12-23,5,7
2021-12-23,6,15
2021-12-23,7,31
2021-12-23,8,50
2021-12-23,9,68
2021-12-23,10,79
2021-12-23,11,87
2021-12-23,12,95
2021-12-23,13,105
2021-12-23,14,96
2021-12-23,15,89
2021-12-23,16,105
2021-12-23,17,116
2021-12-23,18,104
2021-12-23,19,88
2021-12-23,20,63
2021-12-23,21,58
2021-12-23,22,42
2021-12-23,23,39
2021-12-24,0,36
2021-12-24,1,21
2021-12-24,2,14
2021-12-24,3,17
2021-12-24,4,15
2021-12-24,5,10
2021-12-24,6,11
2021-12-24,7,21
2021-12-24,8,35
2021-12-24,9,60
2021-12-24,10,59
2021-12-24,11,84
2021-12-24,12,88
2021-12-24,13,102
2021-12-24,14,92
2021-12-24,15,84
2021-12-24,16,76
2021-12-24,17,92
2021-12-24,18,80
2021-12-24,19,80
2021-12-24,20,75
2021-12-24,21,57
2021-12-24,22,62
2021-12-24,23,63
2021-12-25,0,27
2021-12-25,1,23
2021-12-25,2,12
2021-12-25,3,5
2021-12-25,4,7
2021-12-25,5,10
2021-12-25,6,2
2021-12-25,7,24
2021-12-25,8,62
2021-12-25,9,80
2021-12-25,10,76
2021-12-25,11,89
2021-12-25,12,84
2021-12-25,13,114
2021-12-25,14,100
2021-12-25,15,96
2021-12-25,16,100
2021-12-25,17,104
2021-12-25,18,105
2021-12-25,19,100
2021-12-25,20,96
2021-12-25,21,79
2021-12-25,22,84
2021-12-25,23,84
2021-12-26,0,53
2021-12-26,1,22
2021-12-26,2,26
2021-12-26,3,26
2021-12-26,4,16
2021-12-26,5,8
2021-12-26,6,2
2021-12-26,7,21
2021-12-26,8,44
2021-12-26,9,61
2021-12-26,10,84
2021-12-26,11,100
2021-12-26,12,80
2021-12-26,13,89
2021-12-26,14,76
2021-12-26,15,71
2021-12-26,16,67
2021-12-26,17,72
2021-12-26,18,62
2021-12-26,19,62
2021-12-26,20,67
2021-12-26,21,52
2021-12-26,22,57
2021-12-26,23,38
2021-12-27,0,23
2021-12-27,1,68
2021-12-27,2,15
2021-12-27,3,16
2021-12-27,4,25
2021-12-27,5,26
2021-12-27,6,24
2021-12-27,7,26
2021-12-27,8,50
2021-12-27,9,62
2021-12-27,10,52
2021-12-27,11,61
2021-12-27,12,66
2021-12-27,13,84
2021-12-27,14,72
2021-12-27,15,66
2021-12-27,16,52
2021-12-27,17,57
2021-12-27,18,40
2021-12-27,19,52
2021-12-27,20,44
2021-12-27,21,48
2021-12-27,22,58
2021-12-27,23,35
2021-12-28,0,60
2021-12-28,1,22
2021-12-28,2,30
2021-12-28,3,34
2021-12-28,4,31
2021-12-28,5,27
2021-12-28,6,29
2021-12-28,7,28
2021-12-28,8,57
2021-12-28,9,66
2021-12-28,10,45
2021-12-28,11,54
2021-12-28,12,64
2021-12-28,13,64
2021-12-28,14,65
2021-12-28,15,73
2021-12-28,16,67
2021-12-28,17,52
2021-12-28,18,62
2021-12-28,19,57
2021-12-28,20,62
2021-12-28,21,57
2021-12-28,22,67
2021-12-28,23,44
2021-12-29,0,31
2021-12-29,1,29
2021-12-29,2,20
2021-12-29,3,22
2021-12-29,4,19
2021-12-29,5,29
2021-12-29,6,25
2021-12-29,7,40
2021-12-29,8,47
2021-12-29,9,53
2021-12-29,10,66
2021-12-29,11,76
2021-12-29,12,73
2021-12-29,13,71
2021-12-29,14,80
2021-12-29,15,84
2021-12-29,16,76
2021-12-29,17,70
2021-12-29,18,67
2021-12-29,19,70
2021-12-29,20,61
2021-12-29,21,48
2021-12-29,22,44
2021-12-29,23,49
2021-12-30,0,22
2021-12-30,1,27
2021-12-30,2,20
2021-12-30,3,23
2021-12-30,4,29
2021-12-30,5,22
2021-12-30,6,21
2021-12-30,7,32
2021-12-30,8,49
2021-12-30,9,71
2021-12-30,10,68
2021-12-30,11,83
2021-12-30,12,77
2021-12-30,13,94
2021-12-30,14,66
2021-12-30,15,72
2021-12-30,16,89
2021-12-30,17,85
2021-12-30,18,75
2021-12-30,19,62
2021-12-30,20,59
2021-12-30,21,66
2021-12-30,22,62
2021-12-30,23,65
2021-12-31,0,60
2021-12-31,1,45
2021-12-31,2,44
2021-12-31,3,27
2021-12-31,4,22
2021-12-31,5,27
2021-12-31,6,68
2021-12-31,7,48
2021-12-31,8,55
2021-12-31,9,46
2021-12-31,10,54
2021-12-31,11,72
2021-12-31,12,63
2021-12-31,13,57
2021-12-31,14,55
2021-12-31,15,86
2021-12-31,16,62
2021-12-31,17,65
2021-12-31,18,64
2021-12-31,19,67
2021-12-31,20,73
2021-12-31,21,77
2021-12-31,22,71
2021-12-31,23,49
2022-01-01,0,64
2022-01-01,1,57
2022-01-01,2,76
2022-01-01,3,117
2022-01-01,4,34
2022-01-01,5,16
2022-01-01,6,14
2022-01-01,7,33
2022-01-01,8,35
2022-01-01,9,40
2022-01-01,10,30
2022-01-01,11,51
2022-01-01,12,37
2022-01-01,13,57
2022-01-01,14,39
2022-01-01,15,56
2022-01-01,16,36
2022-01-01,17,51
2022-01-01,18,44
2022-01-01,19,43
2022-01-01,20,40
2022-01-01,21,45
2022-01-01,22,33
2022-01-01,23,46
2022-01-02,0,51
2022-01-02,1,35
2022-01-02,2,26
2022-01-02,3,57
2022-01-02,4,95
2022-01-02,5,88
2022-01-02,6,61
2022-01-02,7,26
2022-01-02,8,49
2022-01-02,9,92
2022-01-02,10,121
2022-01-02,11,117
2022-01-02,12,88
2022-01-02,13,174
2022-01-02,14,140
2022-01-02,15,106
2022-01-02,16,92
2022-01-02,17,80
2022-01-02,18,71
2022-01-02,19,71
2022-01-02,20,72
2022-01-02,21,65
2022-01-02,22,66
2022-01-02,23,62
2022-01-03,0,51
2022-01-03,1,77
2022-01-03,2,70
2022-01-03,3,95
2022-01-03,4,49
2022-01-03,5,52
2022-01-03,6,55
2022-01-03,7,33
2022-01-03,8,30
2022-01-03,9,40
2022-01-03,10,59
2022-01-03,11,57
2022-01-03,12,68
2022-01-03,13,75
2022-01-03,14,76
2022-01-03,15,78
2022-01-03,16,87
2022-01-03,17,81
2022-01-03,18,91
2022-01-03,19,61
2022-01-03,20,63
2022-01-03,21,42
2022-01-03,22,33
2022-01-03,23,36
2022-01-04,0,61
2022-01-04,1,67
2022-01-04,2,54
2022-01-04,3,74
2022-01-04,4,49
2022-01-04,5,51
2022-01-04,6,61
2022-01-04,7,60
2022-01-04,8,58
2022-01-04,9,57
2022-01-04,10,66
2022-01-04,11,53
2022-01-04,12,53
2022-01-04,13,56
2022-01-04,14,65
2022-01-04,15,79
2022-01-04,16,70
2022-01-04,17,79
2022-01-04,18,62
2022-01-04,19,84
2022-01-04,20,57
2022-01-04,21,65
2022-01-04,22,88
2022-01-04,23,76
2022-01-05,0,54
2022-01-05,1,34
2022-01-05,2,26
2022-01-05,3,43
2022-01-05,4,29
2022-01-05,5,36
2022-01-05,6,38
2022-01-05,7,45
2022-01-05,8,53
2022-01-05,9,63
2022-01-05,10,92
2022-01-05,11,75
2022-01-05,12,66
2022-01-05,13,92
2022-01-05,14,75
2022-01-05,15,76
2022-01-05,16,83
2022-01-05,17,88
2022-01-05,18,70
2022-01-05,19,84
2022-01-05,20,79
2022-01-05,21,65
2022-01-05,22,70
2022-01-05,23,58
2022-01-06,0,50
2022-01-06,1,22
2022-01-06,2,22
2022-01-06,3,21
2022-01-06,4,32
2022-01-06,5,35
2022-01-06,6,57
2022-01-06,7,48
2022-01-06,8,78
2022-01-06,9,86
2022-01-06,10,98
2022-01-06,11,79
2022-01-06,12,85
2022-01-06,13,86
2022-01-06,14,71
2022-01-06,15,95
2022-01-06,16,88
2022-01-06,17,74
2022-01-06,18,72
2022-01-06,19,61
2022-01-06,20,87
2022-01-06,21,92
2022-01-06,22,108
2022-01-06,23,88
2022-01-07,0,58
2022-01-07,1,44
2022-01-07,2,62
2022-01-07,3,67
2022-01-07,4,56
2022-01-07,5,45
2022-01-07,6,51
2022-01-07,7,75
2022-01-07,8,69
2022-01-07,9,105
2022-01-07,10,92
2022-01-07,11,100
2022-01-07,12,83
2022-01-07,13,92
2022-01-07,14,81
2022-01-07,15,79
2022-01-07,16,60
2022-01-07,17,90
2022-01-07,18,114
2022-01-07,19,127
2022-01-07,20,109
2022-01-07,21,77
2022-01-07,22,55
2022-01-07,23,56
2022-01-08,0,119
2022-01-08,1,84
2022-01-08,2,75
2022-01-08,3,54
2022-01-08,4,49
2022-01-08,5,39
2022-01-08,6,54
2022-01-08,7,55
2022-01-08,8,62
2022-01-08,9,66
2022-01-08,10,52
2022-01-08,11,50
2022-01-08,12,83
2022-01-08,13,56
2022-01-08,14,94
2022-01-08,15,97
2022-01-08,16,87
2022-01-08,17,92
2022-01-08,18,97
2022-01-08,19,96
2022-01-08,20,94
2022-01-08,21,77
2022-01-08,22,64
2022-01-08,23,76
2022-01-09,0,77
2022-01-09,1,56
2022-01-09,2,62
2022-01-09,3,53
2022-01-09,4,36
2022-01-09,5,31
2022-01-09,6,26
2022-01-09,7,79
2022-01-09,8,109
2022-01-09,9,97
2022-01-09,10,144
2022-01-09,11,114
2022-01-09,12,83
2022-01-09,13,110
2022-01-09,14,97
2022-01-09,15,80
2022-01-09,16,76
2022-01-09,17,74
2022-01-09,18,92
2022-01-09,19,80
2022-01-09,20,76
2022-01-09,21,84
2022-01-09,22,106
2022-01-09,23,66
2022-01-10,0,68
2022-01-10,1,48
2022-01-10,2,40
2022-01-10,3,69
2022-01-10,4,57
2022-01-10,5,39
2022-01-10,6,63
2022-01-10,7,57
2022-01-10,8,86
2022-01-10,9,68
2022-01-10,10,62
2022-01-10,11,93
2022-01-10,12,98
2022-01-10,13,57
2022-01-10,14,61
2022-01-10,15,85
2022-01-10,16,98
2022-01-10,17,78
2022-01-10,18,66
2022-01-10,19,79
2022-01-10,20,62
2022-01-10,21,57
2022-01-10,22,58
2022-01-10,23,44
2022-01-11,0,60
2022-01-11,9,88
2022-01-11,10,69
2022-01-11,11,88
2022-01-11,12,61
2022-01-11,13,66
2022-01-11,14,71
2022-01-11,15,75
2022-01-11,16,71
2022-01-11,17,71
2022-01-11,18,100
2022-01-11,19,88
2022-01-11,20,91
2022-01-11,21,104
2022-01-11,22,88
2022-01-11,23,79
2022-01-12,0,93
2022-01-12,1,30
2022-01-12,2,32
2022-01-12,3,48
2022-01-12,4,36
2022-01-12,5,32
2022-01-12,6,41
2022-01-12,7,40
2022-01-12,8,88
2022-01-12,9,122
2022-01-12,10,100
2022-01-12,11,116
2022-01-12,12,98
2022-01-12,13,102
2022-01-12,14,97
2022-01-12,15,94
2022-01-12,16,88
2022-01-12,17,84
2022-01-12,18,76
2022-01-12,19,72
2022-01-12,20,77
2022-01-12,21,53
2022-01-12,22,45
2022-01-12,23,61
2022-01-13,0,40
2022-01-13,1,21
2022-01-13,2,39
2022-01-13,3,25
2022-01-13,4,21
2022-01-13,5,54
2022-01-13,6,68
2022-01-13,7,60
2022-01-13,8,75
2022-01-13,9,107
2022-01-13,10,89
2022-01-13,11,71
2022-01-13,12,79
2022-01-13,13,116
2022-01-13,14,109
2022-01-13,15,110
2022-01-13,16,88
2022-01-13,17,101
2022-01-13,18,111
2022-01-13,19,93
2022-01-13,20,101
2022-01-13,21,88
2022-01-13,22,72
2022-01-13,23,66
2022-01-14,0,62
2022-01-14,1,25
2022-01-14,2,24
2022-01-14,3,33
2022-01-14,4,27
2022-01-14,5,23
2022-01-14,6,44
2022-01-14,7,41
2022-01-14,8,71
2022-01-14,9,97
2022-01-14,10,84
2022-01-14,11,88
2022-01-14,12,97
2022-01-14,13,96
2022-01-14,14,88
2022-01-14,15,88
2022-01-14,16,96
2022-01-14,17,113
2022-01-14,18,124
2022-01-14,19,110
2022-01-14,20,90
2022-01-14,21,84
2022-01-14,22,76
2022-01-14,23,84
2022-01-15,0,61
2022-01-15,1,75
2022-01-15,2,53
2022-01-15,3,49
2022-01-15,4,49
2022-01-15,5,46
2022-01-15,6,53
2022-01-15,7,43
2022-01-15,8,39
2022-01-15,9,78
2022-01-15,10,71
2022-01-15,11,96
2022-01-15,12,100
2022-01-15,13,129
2022-01-15,14,104
2022-01-15,15,96
2022-01-15,16,96
2022-01-15,17,106
2022-01-15,18,98
2022-01-15,19,92
2022-01-15,20,94
2022-01-15,21,88
2022-01-15,22,80
2022-01-15,23,83
2022-01-16,0,68
2022-01-16,1,51
2022-01-16,2,48
2022-01-16,3,48
2022-01-16,4,48
2022-01-16,5,32
2022-01-16,6,27
2022-01-16,7,42
2022-01-16,8,45
2022-01-16,9,93
2022-01-16,10,109
2022-01-16,11,114
2022-01-16,12,109
2022-01-16,13,135
2022-01-16,14,137
2022-01-16,15,84
2022-01-16,16,84
2022-01-16,17,84
2022-01-16,18,84
2022-01-16,19,84
2022-01-16,20,74
2022-01-16,21,74
2022-01-16,22,65
2022-01-16,23,53
2022-01-17,0,36
2022-01-17,1,72
2022-01-17,2,68
2022-01-17,3,74
2022-01-17,4,76
2022-01-17,5,44
2022-01-17,6,58
2022-01-17,7,73
2022-01-17,8,48
2022-01-17,9,99
2022-01-17,10,66
2022-01-17,11,93
2022-01-17,12,86
2022-01-17,13,74
2022-01-17,14,97
2022-01-17,15,94
2022-01-17,16,84
2022-01-17,17,71
2022-01-17,18,78
2022-01-17,19,70
2022-01-17,20,73
2022-01-17,21,68
2022-01-17,22,62
2022-01-17,23,58
2022-01-18,0,66
2022-01-18,1,30
2022-01-18,2,39
2022-01-18,3,26
2022-01-18,4,36
2022-01-18,5,31
2022-01-18,6,54
2022-01-18,7,42
2022-01-18,8,92
2022-01-18,9,78
2022-01-18,10,74
2022-01-18,11,67
2022-01-18,12,68
2022-01-18,13,61
2022-01-18,14,63
2022-01-18,15,65
2022-01-18,16,84
2022-01-18,17,71
2022-01-18,18,71
2022-01-18,19,70
2022-01-18,20,57
2022-01-18,21,62
2022-01-18,22,57
2022-01-18,23,48
2022-01-19,0,29
2022-01-19,1,26
2022-01-19,2,59
2022-01-19,3,59
2022-01-19,4,22
2022-01-19,5,28
2022-01-19,6,64
2022-01-19,7,62
2022-01-19,8,85
2022-01-19,9,93
2022-01-19,10,84
2022-01-19,11,93
2022-01-19,12,75
2022-01-19,13,79
2022-01-19,14,80
2022-01-19,15,83
2022-01-19,16,80
2022-01-19,17,72
2022-01-19,18,73
2022-01-19,19,76
2022-01-19,20,81
2022-01-19,21,83
2022-01-19,22,52
2022-01-19,23,61
2022-01-20,0,40
2022-01-20,1,16
2022-01-20,2,16
2022-01-20,3,20
2022-01-20,4,16
2022-01-20,5,21
2022-01-20,6,32
2022-01-20,7,40
2022-01-20,8,70
2022-01-20,9,91
2022-01-20,10,53
2022-01-20,11,79
2022-01-20,12,71
2022-01-20,13,78
2022-01-20,14,82
2022-01-20,15,88
2022-01-20,16,66
2022-01-20,17,111
2022-01-20,18,96
2022-01-20,19,67
2022-01-20,20,80
2022-01-20,21,105
2022-01-20,22,101
2022-01-20,23,79
2022-01-21,0,44
2022-01-21,1,30
2022-01-21,2,21
2022-01-21,3,30
2022-01-21,4,45
2022-01-21,5,26
2022-01-21,6,52
2022-01-21,7,50
2022-01-21,8,72
2022-01-21,9,96
2022-01-21,10,87
2022-01-21,11,92
2022-01-21,12,84
2022-01-21,13,114
2022-01-21,14,97
2022-01-21,15,93
2022-01-21,16,92
2022-01-21,17,115
2022-01-21,18,113
2022-01-21,19,101
2022-01-21,20,90
2022-01-21,21,76
2022-01-21,22,74
2022-01-21,23,58
2022-01-22,0,81
2022-01-22,1,53
2022-01-22,2,45
2022-01-22,3,42
2022-01-22,4,40
2022-01-22,5,35
2022-01-22,6,45
2022-01-22,7,66
2022-01-22,8,104
2022-01-22,9,113
2022-01-22,10,84
2022-01-22,11,89
2022-01-22,12,102
2022-01-22,13,126
2022-01-22,14,111
2022-01-22,15,122
2022-01-22,16,107
2022-01-22,17,110
2022-01-22,18,92
2022-01-22,19,113
2022-01-22,20,94
2022-01-22,21,116
2022-01-22,22,95
2022-01-22,23,105
2022-01-23,0,85
2022-01-23,1,55
2022-01-23,2,44
2022-01-23,3,41
2022-01-23,4,37
2022-01-23,5,25
2022-01-23,6,21
2022-01-23,7,36
2022-01-23,8,30
2022-01-23,9,49
2022-01-23,10,48
2022-01-23,11,55
2022-01-23,12,84
2022-01-23,13,118
2022-01-23,14,111
2022-01-23,15,97
2022-01-23,16,90
2022-01-23,17,84
2022-01-23,18,84
2022-01-23,19,97
2022-01-23,20,79
2022-01-23,21,79
2022-01-23,22,108
2022-01-23,23,63
2022-01-24,0,31
2022-01-24,1,43
2022-01-24,2,26
2022-01-24,3,40
2022-01-24,4,36
2022-01-24,5,72
2022-01-24,6,60
2022-01-24,7,52
2022-01-24,8,74
2022-01-24,9,88
2022-01-24,10,62
2022-01-24,11,79
2022-01-24,12,80
2022-01-24,13,75
2022-01-24,14,92
2022-01-24,15,70
2022-01-24,16,75
2022-01-24,17,75
2022-01-24,18,76
2022-01-24,19,61
2022-01-24,20,78
2022-01-24,21,58
2022-01-24,22,57
2022-01-24,23,40
2022-01-25,0,47
2022-01-25,1,26
2022-01-25,2,25
2022-01-25,3,47
2022-01-25,4,80
2022-01-25,5,44
2022-01-25,6,53
2022-01-25,7,45
2022-01-25,8,84
2022-01-25,9,88
2022-01-25,10,66
2022-01-25,11,71
2022-01-25,12,66
2022-01-25,13,65
2022-01-25,14,72
2022-01-25,15,66
2022-01-25,16,71
2022-01-25,17,80
2022-01-25,18,72
2022-01-25,19,67
2022-01-25,20,66
2022-01-25,21,62
2022-01-25,22,74
2022-01-25,23,54
2022-01-26,0,47
2022-01-26,1,65
2022-01-26,2,42
2022-01-26,3,26
2022-01-26,4,23
2022-01-26,5,18
2022-01-26,6,30
2022-01-26,7,55
2022-01-26,8,88
2022-01-26,9,90
2022-01-26,10,90
2022-01-26,11,97
2022-01-26,12,82
2022-01-26,13,85
2022-01-26,14,105
2022-01-26,15,73
2022-01-26,16,72
2022-01-26,17,95
2022-01-26,18,80
2022-01-26,19,72
2022-01-26,20,70
2022-01-26,21,49
2022-01-26,22,61
2022-01-26,23,66
2022-01-27,0,43
2022-01-27,1,24
2022-01-27,2,17
2022-01-27,3,22
2022-01-27,4,16
2022-01-27,5,31
2022-01-27,6,36
2022-01-27,7,46
2022-01-27,8,70
2022-01-27,9,101
2022-01-27,10,109
2022-01-27,11,102
2022-01-27,12,101
2022-01-27,13,96
2022-01-27,14,80
2022-01-27,15,88
2022-01-27,16,92
2022-01-27,17,96
2022-01-27,18,92
2022-01-27,19,87
2022-01-27,20,78
2022-01-27,21,77
2022-01-27,22,121
2022-01-27,23,100
2022-01-28,0,39
2022-01-28,1,34
2022-01-28,2,21
2022-01-28,3,34
2022-01-28,4,26
2022-01-28,5,19
2022-01-28,6,42
2022-01-28,7,70
2022-01-28,8,93
2022-01-28,9,97
2022-01-28,10,88
2022-01-28,11,96
2022-01-28,12,91
2022-01-28,13,109
2022-01-28,14,114
2022-01-28,15,122
2022-01-28,16,114
2022-01-28,17,110
2022-01-28,18,106
2022-01-28,19,124
2022-01-28,20,102
2022-01-28,21,100
2022-01-28,22,85
2022-01-28,23,88
2022-01-29,0,75
2022-01-29,1,85
2022-01-29,2,57
2022-01-29,3,38
2022-01-29,4,63
2022-01-29,5,44
2022-01-29,6,51
2022-01-29,7,65
2022-01-29,8,72
2022-01-29,9,94
2022-01-29,10,96
2022-01-29,11,93
2022-01-29,12,105
2022-01-29,13,126
2022-01-29,14,133
2022-01-29,15,122
2022-01-29,16,109
2022-01-29,17,105
2022-01-29,18,105
2022-01-29,19,106
2022-01-29,20,106
2022-01-29,21,97
2022-01-29,22,100
2022-01-29,23,115
2022-01-30,0,78
2022-01-30,1,72
2022-01-30,2,63
2022-01-30,3,68
2022-01-30,4,61
2022-01-30,5,71
2022-01-30,6,64
2022-01-30,7,42
2022-01-30,8,48
2022-01-30,9,56
2022-01-30,10,49
2022-01-30,11,61
2022-01-30,12,62
2022-01-30,13,76
2022-01-30,14,90
2022-01-30,15,94
2022-01-30,16,98
2022-01-30,17,60
2022-01-30,18,74
2022-01-30,19,70
2022-01-30,20,59
2022-01-30,21,54
2022-01-30,22,69
2022-01-30,23,96
2022-01-31,0,83
2022-01-31,1,24
2022-01-31,2,29
2022-01-31,3,40
2022-01-31,4,37
2022-01-31,5,30
2022-01-31,6,46
2022-01-31,7,67
2022-01-31,8,70
2022-01-31,9,102
2022-01-31,10,79
2022-01-31,11,87
2022-01-31,12,88
2022-01-31,13,85
2022-01-31,14,70
2022-01-31,15,74
2022-01-31,16,88
2022-01-31,17,84
2022-01-31,18,70
2022-01-31,19,74
2022-01-31,20,52
2022-01-31,21,63
2022-01-31,22,48
2022-01-31,23,52
2022-02-01,0,52
2022-02-01,1,35
2022-02-01,2,26
2022-02-01,3,36
2022-02-01,4,36
2022-02-01,5,42
2022-02-01,6,34
2022-02-01,7,70
2022-02-01,8,96
2022-02-01,9,95
2022-02-01,10,76
2022-02-01,11,86
2022-02-01,12,62
2022-02-01,13,68
2022-02-01,14,99
2022-02-01,15,68
2022-02-01,16,78
2022-02-01,17,66
2022-02-01,18,67
2022-02-01,19,84
2022-02-01,20,57
2022-02-01,21,58
2022-02-01,22,71
2022-02-01,23,54
2022-02-02,0,75
2022-02-02,1,31
2022-02-02,2,39
2022-02-02,3,35
2022-02-02,4,44
2022-02-02,5,60
2022-02-02,6,35
2022-02-02,7,52
2022-02-02,8,99
2022-02-02,9,122
2022-02-02,10,90
2022-02-02,11,105
2022-02-02,12,78
2022-02-02,13,71
2022-02-02,14,96
2022-02-02,15,79
2022-02-02,16,84
2022-02-02,17,100
2022-02-02,18,115
2022-02-02,19,93
2022-02-02,20,69
2022-02-02,21,45
2022-02-02,22,51
2022-02-02,23,65
2022-02-03,0,48
2022-02-03,1,51
2022-02-03,2,49
2022-02-03,3,16
2022-02-03,4,16
2022-02-03,5,31
2022-02-03,6,52
2022-02-03,7,60
2022-02-03,8,101
2022-02-03,9,126
2022-02-03,10,105
2022-02-03,11,101
2022-02-03,12,104
2022-02-03,13,118
2022-02-03,14,100
2022-02-03,15,93
2022-02-03,16,91
2022-02-03,17,88
2022-02-03,18,90
2022-02-03,19,84
2022-02-03,20,91
2022-02-03,21,82
2022-02-03,22,82
2022-02-03,23,84
2022-02-04,0,49
2022-02-04,1,41
2022-02-04,2,59
2022-02-04,3,50
2022-02-04,4,57
2022-02-04,5,56
2022-02-04,6,64
2022-02-04,7,55
2022-02-04,8,104
2022-02-04,9,100
2022-02-04,10,94
2022-02-04,11,113
2022-02-04,12,109
2022-02-04,13,126
2022-02-04,14,105
2022-02-04,15,104
2022-02-04,16,108
2022-02-04,17,120
2022-02-04,18,110
2022-02-04,19,123
2022-02-04,20,103
2022-02-04,21,92
2022-02-04,22,101
2022-02-04,23,86
2022-02-05,0,69
2022-02-05,1,60
2022-02-05,2,58
2022-02-05,3,63
2022-02-05,4,48
2022-02-05,5,57
2022-02-05,6,51
2022-02-05,7,57
2022-02-05,8,57
2022-02-05,9,81
2022-02-05,10,75
2022-02-05,11,84
2022-02-05,12,110
2022-02-05,13,121
2022-02-05,14,110
2022-02-05,15,135
2022-02-05,16,108
2022-02-05,17,114
2022-02-05,18,124
2022-02-05,19,133
2022-02-05,20,137
2022-02-05,21,89
2022-02-05,22,92
2022-02-05,23,94
2022-02-06,0,80
2022-02-06,1,75
2022-02-06,2,60
2022-02-06,3,64
2022-02-06,4,49
2022-02-06,5,33
2022-02-06,6,57
2022-02-06,7,71
2022-02-06,8,67
2022-02-06,9,76
2022-02-06,10,79
2022-02-06,11,117
2022-02-06,12,93
2022-02-06,13,136
2022-02-06,14,123
2022-02-06,15,87
2022-02-06,16,105
2022-02-06,17,80
2022-02-06,18,85
2022-02-06,19,92
2022-02-06,20,80
2022-02-06,21,65
2022-02-06,22,65
2022-02-06,23,58
2022-02-07,0,45
2022-02-07,1,65
2022-02-07,2,58
2022-02-07,3,46
2022-02-07,4,40
2022-02-07,5,45
2022-02-07,6,48
2022-02-07,7,62
2022-02-07,8,76
2022-02-07,9,98
2022-02-07,10,92
2022-02-07,11,87
2022-02-07,12,102
2022-02-07,13,96
2022-02-07,14,72
2022-02-07,15,75
2022-02-07,16,85
2022-02-07,17,86
2022-02-07,18,92
2022-02-07,19,105
2022-02-07,20,64
2022-02-07,21,73
2022-02-07,22,67
2022-02-07,23,66
2022-02-08,0,53
2022-02-08,1,30
2022-02-08,2,27
2022-02-08,3,27
2022-02-08,4,53
2022-02-08,5,35
2022-02-08,6,53
2022-02-08,7,50
2022-02-08,8,89
2022-02-08,9,120
2022-02-08,10,72
2022-02-08,11,86
2022-02-08,12,75
2022-02-08,13,90
2022-02-08,14,86
2022-02-08,15,61
2022-02-08,16,86
2022-02-08,17,84
2022-02-08,18,90
2022-02-08,19,78
2022-02-08,20,66
2022-02-08,21,60
2022-02-08,22,74
2022-02-08,23,62
2022-02-09,0,64
2022-02-09,1,31
2022-02-09,2,45
2022-02-09,3,46
2022-02-09,4,48
2022-02-09,5,25
2022-02-09,6,54
2022-02-09,7,49
2022-02-09,8,81
2022-02-09,9,100
2022-02-09,10,101
2022-02-09,11,73
2022-02-09,12,76
2022-02-09,13,93
2022-02-09,14,84
2022-02-09,15,61
2022-02-09,16,80
2022-02-09,17,98
2022-02-09,18,72
2022-02-09,19,71
2022-02-09,20,62
2022-02-09,21,39
2022-02-09,22,48
2022-02-09,23,41
2022-02-10,0,29
2022-02-10,1,13
2022-02-10,2,12
2022-02-10,3,11
2022-02-10,4,7
2022-02-10,5,11
2022-02-10,6,13
2022-02-10,7,41
2022-02-10,8,74
2022-02-10,9,109
2022-02-10,10,78
2022-02-10,11,75
2022-02-10,12,96
2022-02-10,13,98
2022-02-10,14,85
2022-02-10,15,70
2022-02-10,16,88
2022-02-10,17,84
2022-02-10,18,111
2022-02-10,19,93
2022-02-10,20,53
2022-02-10,21,51
2022-02-10,22,75
2022-02-10,23,53
2022-02-11,0,22
2022-02-11,1,30
2022-02-11,2,12
2022-02-11,3,13
2022-02-11,4,14
2022-02-11,5,13
2022-02-11,6,22
2022-02-11,7,40
2022-02-11,8,95
2022-02-11,9,69
2022-02-11,10,88
2022-02-11,11,107
2022-02-11,12,83
2022-02-11,13,109
2022-02-11,14,84
2022-02-11,15,90
2022-02-11,16,84
2022-02-11,17,83
2022-02-11,18,99
2022-02-11,19,108
2022-02-11,20,113
2022-02-11,21,107
2022-02-11,22,80
2022-02-11,23,81
2022-02-12,0,73
2022-02-12,1,62
2022-02-12,2,32
2022-02-12,3,24
2022-02-12,4,28
2022-02-12,5,7
2022-02-12,6,15
2022-02-12,7,37
2022-02-12,8,30
2022-02-12,9,50
2022-02-12,10,59
2022-02-12,11,78
2022-02-12,12,74
2022-02-12,13,97
2022-02-12,14,129
2022-02-12,15,113
2022-02-12,16,118
2022-02-12,17,116
2022-02-12,18,126
2022-02-12,19,132
2022-02-12,20,134
2022-02-12,21,106
2022-02-12,22,110
2022-02-12,23,113
2022-02-13,0,82
2022-02-13,1,57
2022-02-13,2,45
2022-02-13,3,52
2022-02-13,4,37
2022-02-13,5,17
2022-02-13,6,7
2022-02-13,7,31
2022-02-13,8,44
2022-02-13,9,61
2022-02-13,10,71
2022-02-13,11,92
2022-02-13,12,85
2022-02-13,13,88
2022-02-13,14,116
2022-02-13,15,97
2022-02-13,16,92
2022-02-13,17,84
2022-02-13,18,107
2022-02-13,19,93
2022-02-13,20,86
2022-02-13,21,53
2022-02-13,22,40
2022-02-13,23,33
2022-02-14,0,25
2022-02-14,1,40
2022-02-14,2,17
2022-02-14,3,15
2022-02-14,4,8
2022-02-14,5,13
2022-02-14,6,23
2022-02-14,7,41
2022-02-14,8,61
2022-02-14,9,82
2022-02-14,10,78
2022-02-14,11,89
2022-02-14,12,82
2022-02-14,13,102
2022-02-14,14,72
2022-02-14,15,83
2022-02-14,16,93
2022-02-14,17,95
2022-02-14,18,79
2022-02-14,19,85
2022-02-14,20,70
2022-02-14,21,56
2022-02-14,22,43
2022-02-14,23,34
2022-02-15,0,36
2022-02-15,1,17
2022-02-15,2,13
2022-02-15,3,16
2022-02-15,4,14
2022-02-15,5,6
2022-02-15,6,14
2022-02-15,7,36
2022-02-15,8,66
2022-02-15,9,106
2022-02-15,10,88
2022-02-15,11,85
2022-02-15,12,103
2022-02-15,13,101
2022-02-15,14,78
2022-02-15,15,80
2022-02-15,16,76
2022-02-15,17,72
2022-02-15,18,88
2022-02-15,19,73
2022-02-15,20,62
2022-02-15,21,43
2022-02-15,22,36
2022-02-15,23,37
2022-02-16,0,33
2022-02-16,1,21
2022-02-16,2,15
2022-02-16,3,17
2022-02-16,4,7
2022-02-16,5,7
2022-02-16,6,20
2022-02-16,7,40
2022-02-16,8,104
2022-02-16,9,102
2022-02-16,10,78
2022-02-16,11,115
2022-02-16,12,94
2022-02-16,13,93
2022-02-16,14,84
2022-02-16,15,106
2022-02-16,16,79
2022-02-16,17,86
2022-02-16,18,77
2022-02-16,19,84
2022-02-16,20,36
2022-02-16,21,27
2022-02-16,22,40
2022-02-16,23,41
2022-02-17,0,35
2022-02-17,1,14
2022-02-17,2,13
2022-02-17,3,11
2022-02-17,4,8
2022-02-17,5,8
2022-02-17,6,17
2022-02-17,7,48
2022-02-17,8,90
2022-02-17,9,146
2022-02-17,10,87
2022-02-17,11,126
2022-02-17,12,89
2022-02-17,13,120
2022-02-17,14,95
2022-02-17,15,95
2022-02-17,16,78
2022-02-17,17,93
2022-02-17,18,94
2022-02-17,19,86
2022-02-17,20,64
2022-02-17,21,57
2022-02-17,22,53
2022-02-17,23,54
2022-02-18,0,66
2022-02-18,1,18
2022-02-18,2,21
2022-02-18,3,17
2022-02-18,4,15
2022-02-18,5,14
2022-02-18,6,16
2022-02-18,7,42
2022-02-18,8,110
2022-02-18,9,93
2022-02-18,10,70
2022-02-18,11,74
2022-02-18,12,70
2022-02-18,13,105
2022-02-18,14,66
2022-02-18,15,70
2022-02-18,16,91
2022-02-18,17,86
2022-02-18,18,107
2022-02-18,19,122
2022-02-18,20,100
2022-02-18,21,106
2022-02-18,22,79
2022-02-18,23,80
2022-02-19,0,60
2022-02-19,1,56
2022-02-19,2,41
2022-02-19,3,34
2022-02-19,4,18
2022-02-19,5,14
2022-02-19,6,19
2022-02-19,7,15
2022-02-19,8,29
2022-02-19,9,70
2022-02-19,10,60
2022-02-19,11,76
2022-02-19,12,82
2022-02-19,13,102
2022-02-19,14,104
2022-02-19,15,103
2022-02-19,16,104
2022-02-19,17,117
2022-02-19,18,98
2022-02-19,19,133
2022-02-19,20,112
2022-02-19,21,84
2022-02-19,22,92
2022-02-19,23,123
2022-02-20,0,120
2022-02-20,1,57
2022-02-20,2,48
2022-02-20,3,55
2022-02-20,4,31
2022-02-20,5,21
2022-02-20,6,11
2022-02-20,7,31
2022-02-20,8,48
2022-02-20,9,61
2022-02-20,10,35
2022-02-20,11,67
2022-02-20,12,49
2022-02-20,13,74
2022-02-20,14,65
2022-02-20,15,73
2022-02-20,16,54
2022-02-20,17,48
2022-02-20,18,69
2022-02-20,19,65
2022-02-20,20,52
2022-02-20,21,50
2022-02-20,22,57
2022-02-20,23,37
2022-02-21,0,30
2022-02-21,1,31
2022-02-21,2,26
2022-02-21,3,26
2022-02-21,4,17
2022-02-21,5,11
2022-02-21,6,17
2022-02-21,7,33
2022-02-21,8,63
2022-02-21,9,80
2022-02-21,10,72
2022-02-21,11,76
2022-02-21,12,80
2022-02-21,13,76
2022-02-21,14,67
2022-02-21,15,71
2022-02-21,16,76
2022-02-21,17,72
2022-02-21,18,67
2022-02-21,19,67
2022-02-21,20,52
2022-02-21,21,48
2022-02-21,22,48
2022-02-21,23,34
2022-02-22,0,20
2022-02-22,1,21
2022-02-22,2,16
2022-02-22,3,16
2022-02-22,4,26
2022-02-22,5,7
2022-02-22,6,16
2022-02-22,7,32
2022-02-22,8,71
2022-02-22,9,100
2022-02-22,10,89
2022-02-22,11,80
2022-02-22,12,80
2022-02-22,13,71
2022-02-22,14,71
2022-02-22,15,62
2022-02-22,16,72
2022-02-22,17,62
2022-02-22,18,67
2022-02-22,19,62
2022-02-22,20,50
2022-02-22,21,48
2022-02-22,22,52
2022-02-22,23,40
2022-02-23,0,22
2022-02-23,1,21
2022-02-23,2,11
2022-02-23,3,6
2022-02-23,4,6
2022-02-23,5,9
2022-02-23,6,22
2022-02-23,7,43
2022-02-23,8,81
2022-02-23,9,102
2022-02-23,10,84
2022-02-23,11,88
2022-02-23,12,75
2022-02-23,13,88
2022-02-23,14,79
2022-02-23,15,76
2022-02-23,16,67
2022-02-23,17,76
2022-02-23,18,85
2022-02-23,19,79
2022-02-23,20,60
2022-02-23,21,37
2022-02-23,22,48
2022-02-23,23,34
2022-02-24,0,27
2022-02-24,1,26
2022-02-24,2,11
2022-02-24,3,8
2022-02-24,4,10
2022-02-24,5,8
2022-02-24,6,22
2022-02-24,7,49
2022-02-24,8,74
2022-02-24,9,114
2022-02-24,10,73
2022-02-24,11,78
2022-02-24,12,90
2022-02-24,13,99
2022-02-24,14,78
2022-02-24,15,71
2022-02-24,16,93
2022-02-24,17,84
2022-02-24,18,88
2022-02-24,19,72
2022-02-24,20,57
2022-02-24,21,62
2022-02-24,22,71
2022-02-24,23,54
2022-02-25,0,26
2022-02-25,1,16
2022-02-25,2,19
2022-02-25,3,12
2022-02-25,4,13
2022-02-25,5,12
2022-02-25,6,18
2022-02-25,7,41
2022-02-25,8,82
2022-02-25,9,84
2022-02-25,10,80
2022-02-25,11,92
2022-02-25,12,84
2022-02-25,13,92
2022-02-25,14,100
2022-02-25,15,84
2022-02-25,16,88
2022-02-25,17,89
2022-02-25,18,106
2022-02-25,19,120
2022-02-25,20,102
2022-02-25,21,79
2022-02-25,22,76
2022-02-25,23,81
2022-02-26,0,70
2022-02-26,1,72
2022-02-26,2,37
2022-02-26,3,39
2022-02-26,4,36
2022-02-26,5,16
2022-02-26,6,18
2022-02-26,7,26
2022-02-26,8,48
2022-02-26,9,66
2022-02-26,10,67
2022-02-26,11,75
2022-02-26,12,76
2022-02-26,13,114
2022-02-26,14,131
2022-02-26,15,85
2022-02-26,16,88
2022-02-26,17,104
2022-02-26,18,109
2022-02-26,19,121
2022-02-26,20,102
2022-02-26,21,93
2022-02-26,22,88
2022-02-26,23,109
2022-02-27,0,114
2022-02-27,1,61
2022-02-27,2,42
2022-02-27,3,44
2022-02-27,4,25
2022-02-27,5,11
2022-02-27,6,18
2022-02-27,7,23
2022-02-27,8,44
2022-02-27,9,61
2022-02-27,10,71
2022-02-27,11,84
2022-02-27,12,80
2022-02-27,13,93
2022-02-27,14,88
2022-02-27,15,88
2022-02-27,16,80
2022-02-27,17,72
2022-02-27,18,99
2022-02-27,19,89
2022-02-27,20,57
2022-02-27,21,57
2022-02-27,22,62
2022-02-27,23,39
2022-02-28,0,26
2022-02-28,1,23
2022-02-28,2,14
2022-02-28,3,17
2022-02-28,4,9
2022-02-28,5,6
2022-02-28,6,18
2022-02-28,7,39
2022-02-28,8,61
2022-02-28,9,80
2022-02-28,10,72
2022-02-28,11,84
2022-02-28,12,80
2022-02-28,13,80
2022-02-28,14,72
2022-02-28,15,67
2022-02-28,16,72
2022-02-28,17,74
2022-02-28,18,67
2022-02-28,19,60
2022-02-28,20,57
2022-02-28,21,48
2022-02-28,22,48
2022-02-28,23,40
2022-03-01,0,35
2022-03-01,1,16
2022-03-01,2,16
2022-03-01,3,16
2022-03-01,4,26
2022-03-01,5,16
2022-03-01,6,25
2022-03-01,7,41
2022-03-01,8,71
2022-03-01,9,96
2022-03-01,10,71
2022-03-01,11,66
2022-03-01,12,64
2022-03-01,13,71
2022-03-01,14,76
2022-03-01,15,62
2022-03-01,16,67
2022-03-01,17,57
2022-03-01,18,76
2022-03-01,19,66
2022-03-01,20,48
2022-03-01,21,53
2022-03-01,22,62
2022-03-01,23,71
2022-03-02,0,73
2022-03-02,1,187
2022-03-02,2,19
2022-03-02,3,26
2022-03-02,4,15
2022-03-02,5,13
2022-03-02,6,26
2022-03-02,7,42
2022-03-02,8,78
2022-03-02,9,111
2022-03-02,10,108
2022-03-02,11,96
2022-03-02,12,80
2022-03-02,13,96
2022-03-02,14,76
2022-03-02,15,80
2022-03-02,16,72
2022-03-02,17,80
2022-03-02,18,80
2022-03-02,19,76
2022-03-02,20,57
2022-03-02,21,36
2022-03-02,22,44
2022-03-02,23,52
2022-03-03,0,46
2022-03-03,1,16
2022-03-03,2,12
2022-03-03,3,23
2022-03-03,4,14
2022-03-03,5,22
2022-03-03,6,18
2022-03-03,7,33
2022-03-03,8,71
2022-03-03,9,117
2022-03-03,10,67
2022-03-03,11,84
2022-03-03,12,92
2022-03-03,13,75
2022-03-03,14,90
2022-03-03,15,66
2022-03-03,16,84
2022-03-03,17,87
2022-03-03,18,88
2022-03-03,19,80
2022-03-03,20,62
2022-03-03,21,61
2022-03-03,22,71
2022-03-03,23,64
2022-03-04,0,55
2022-03-04,1,33
2022-03-04,2,16
2022-03-04,3,29
2022-03-04,4,16
2022-03-04,5,21
2022-03-04,6,17
2022-03-04,7,27
2022-03-04,8,83
2022-03-04,9,102
2022-03-04,10,82
2022-03-04,11,79
2022-03-04,12,82
2022-03-04,13,88
2022-03-04,14,88
2022-03-04,15,84
2022-03-04,16,88
2022-03-04,17,93
2022-03-04,18,110
2022-03-04,19,104
2022-03-04,20,101
2022-03-04,21,92
2022-03-04,22,88
2022-03-04,23,99
2022-03-05,0,148
2022-03-05,1,58
2022-03-05,2,66
2022-03-05,3,75
2022-03-05,4,32
2022-03-05,5,24
2022-03-05,6,15
2022-03-05,7,36
2022-03-05,8,47
2022-03-05,9,69
2022-03-05,10,67
2022-03-05,11,76
2022-03-05,12,76
2022-03-05,13,92
2022-03-05,14,105
2022-03-05,15,101
2022-03-05,16,93
2022-03-05,17,109
2022-03-05,18,106
2022-03-05,19,167
2022-03-05,20,155
2022-03-05,21,166
2022-03-05,22,152
2022-03-05,23,179
2022-03-06,0,140
2022-03-06,1,94
2022-03-06,2,91
2022-03-06,3,81
2022-03-06,4,44
2022-03-06,5,37
2022-03-06,6,26
2022-03-06,7,25
2022-03-06,8,48
2022-03-06,9,61
2022-03-06,10,72
2022-03-06,11,88
2022-03-06,12,76
2022-03-06,13,70
2022-03-06,14,74
2022-03-06,15,77
2022-03-06,16,75
2022-03-06,17,67
2022-03-06,18,72
2022-03-06,19,72
2022-03-06,20,72
2022-03-06,21,52
2022-03-06,22,52
2022-03-06,23,49
2022-03-07,0,30
2022-03-07,1,31
2022-03-07,2,21
2022-03-07,3,21
2022-03-07,4,18
2022-03-07,5,21
2022-03-07,6,17
2022-03-07,7,36
2022-03-07,8,80
2022-03-07,9,106
2022-03-07,10,84
2022-03-07,11,93
2022-03-07,12,96
2022-03-07,13,96
2022-03-07,14,80
2022-03-07,15,80
2022-03-07,16,80
2022-03-07,17,76
2022-03-07,18,71
2022-03-07,19,72
2022-03-07,20,57
2022-03-07,21,49
2022-03-07,22,62
2022-03-07,23,36
2022-03-08,0,63
2022-03-08,1,37
2022-03-08,2,10
2022-03-08,3,16
2022-03-08,4,15
2022-03-08,5,18
2022-03-08,6,30
2022-03-08,7,49
2022-03-08,8,79
2022-03-08,9,96
2022-03-08,10,76
2022-03-08,11,76
2022-03-08,12,71
2022-03-08,13,71
2022-03-08,14,72
2022-03-08,15,67
2022-03-08,16,76
2022-03-08,17,76
2022-03-08,18,80
2022-03-08,19,66
2022-03-08,20,52
2022-03-08,21,48
2022-03-08,22,52
2022-03-08,23,43
2022-03-09,0,24
2022-03-09,1,37
2022-03-09,2,17
2022-03-09,3,17
2022-03-09,4,8
2022-03-09,5,10
2022-03-09,6,21
2022-03-09,7,37
2022-03-09,8,79
2022-03-09,9,113
2022-03-09,10,84
2022-03-09,11,87
2022-03-09,12,62
2022-03-09,13,93
2022-03-09,14,75
2022-03-09,15,65
2022-03-09,16,84
2022-03-09,17,98
2022-03-09,18,100
2022-03-09,19,75
2022-03-09,20,60
2022-03-09,21,40
2022-03-09,22,48
2022-03-09,23,38
2022-03-10,0,48
2022-03-10,1,16
2022-03-10,2,12
2022-03-10,3,12
2022-03-10,4,4
2022-03-10,5,4
2022-03-10,6,21
2022-03-10,7,46
2022-03-10,8,90
2022-03-10,9,99
2022-03-10,10,76
2022-03-10,11,86
2022-03-10,12,73
2022-03-10,13,87
2022-03-10,14,87
2022-03-10,15,62
2022-03-10,16,80
2022-03-10,17,98
2022-03-10,18,88
2022-03-10,19,76
2022-03-10,20,50
2022-03-10,21,53
2022-03-10,22,71
2022-03-10,23,70
2022-03-11,0,36
2022-03-11,1,26
2022-03-11,2,16
2022-03-11,3,11
2022-03-11,4,16
2022-03-11,5,18
2022-03-11,6,20
2022-03-11,7,36
2022-03-11,8,84
2022-03-11,9,80
2022-03-11,10,80
2022-03-11,11,88
2022-03-11,12,80
2022-03-11,13,92
2022-03-11,14,84
2022-03-11,15,90
2022-03-11,16,84
2022-03-11,17,84
2022-03-11,18,96
2022-03-11,19,110
2022-03-11,20,102
2022-03-11,21,109
2022-03-11,22,154
2022-03-11,23,120
2022-03-12,0,118
2022-03-12,1,62
2022-03-12,2,64
2022-03-12,3,46
2022-03-12,4,39
2022-03-12,5,12
2022-03-12,6,20
2022-03-12,7,34
2022-03-12,8,56
2022-03-12,9,112
2022-03-12,10,115
2022-03-12,11,131
2022-03-12,12,168
2022-03-12,13,155
2022-03-12,14,96
2022-03-12,15,84
2022-03-12,16,88
2022-03-12,17,92
2022-03-12,18,84
2022-03-12,19,105
2022-03-12,20,119
2022-03-12,21,127
2022-03-12,22,152
2022-03-12,23,138
2022-03-13,0,103
2022-03-13,1,63
2022-03-13,2,74
2022-03-13,3,59
2022-03-13,4,38
2022-03-13,5,25
2022-03-13,6,23
2022-03-13,7,27
2022-03-13,8,31
2022-03-13,9,37
2022-03-13,10,78
2022-03-13,11,106
2022-03-13,12,120
2022-03-13,13,133
2022-03-13,14,131
2022-03-13,15,71
2022-03-13,16,75
2022-03-13,17,72
2022-03-13,18,80
2022-03-13,19,71
2022-03-13,20,57
2022-03-13,21,74
2022-03-13,22,49
2022-03-13,23,33
2022-03-14,0,27
2022-03-14,1,25
2022-03-14,2,21
2022-03-14,3,26
2022-03-14,4,15
2022-03-14,5,17
2022-03-14,6,20
2022-03-14,7,38
2022-03-14,8,85
2022-03-14,9,102
2022-03-14,10,88
2022-03-14,11,73
2022-03-14,12,101
2022-03-14,13,82
2022-03-14,14,87
2022-03-14,15,62
2022-03-14,16,69
2022-03-14,17,90
2022-03-14,18,84
2022-03-14,19,61
2022-03-14,20,51
2022-03-14,21,47
2022-03-14,22,48
2022-03-14,23,35
2022-03-15,0,28
2022-03-15,1,5
2022-03-15,2,13
2022-03-15,3,6
2022-03-15,4,10
2022-03-15,5,8
2022-03-15,6,23
2022-03-15,7,46
2022-03-15,8,79
2022-03-15,9,84
2022-03-15,10,70
2022-03-15,11,61
2022-03-15,12,68
2022-03-15,13,72
2022-03-15,14,74
2022-03-15,15,54
2022-03-15,16,60
2022-03-15,17,81
2022-03-15,18,55
2022-03-15,19,62
2022-03-15,20,44
2022-03-15,21,44
2022-03-15,22,52
2022-03-15,23,45
2022-03-16,0,23
2022-03-16,1,10
2022-03-16,2,16
2022-03-16,3,16
2022-03-16,4,10
2022-03-16,5,9
2022-03-16,6,20
2022-03-16,7,46
2022-03-16,8,86
2022-03-16,9,94
2022-03-16,10,74
2022-03-16,11,79
2022-03-16,12,75
2022-03-16,13,81
2022-03-16,14,67
2022-03-16,15,50
2022-03-16,16,67
2022-03-16,17,83
2022-03-16,18,67
2022-03-16,19,59
2022-03-16,20,62
2022-03-16,21,55
2022-03-16,22,43
2022-03-16,23,44
2022-03-17,0,20
2022-03-17,1,17
2022-03-17,2,15
2022-03-17,3,8
2022-03-17,4,8
2022-03-17,5,12
2022-03-17,6,18
2022-03-17,7,44
2022-03-17,8,75
2022-03-17,9,119
2022-03-17,10,74
2022-03-17,11,84
2022-03-17,12,81
2022-03-17,13,89
2022-03-17,14,57
2022-03-17,15,77
2022-03-17,16,69
2022-03-17,17,89
2022-03-17,18,101
2022-03-17,19,139
2022-03-17,20,166
2022-03-17,21,127
2022-03-17,22,147
2022-03-17,23,129
2022-03-18,0,48
2022-03-18,1,30
2022-03-18,2,34
2022-03-18,3,40
2022-03-18,4,32
2022-03-18,5,23
2022-03-18,6,18
2022-03-18,7,26
2022-03-18,8,75
2022-03-18,9,96
2022-03-18,10,74
2022-03-18,11,97
2022-03-18,12,87
2022-03-18,13,82
2022-03-18,14,85
2022-03-18,15,81
2022-03-18,16,87
2022-03-18,17,91
2022-03-18,18,90
2022-03-18,19,92
2022-03-18,20,105
2022-03-18,21,97
2022-03-18,22,100
2022-03-18,23,128
2022-03-19,0,102
2022-03-19,1,62
2022-03-19,2,53
2022-03-19,3,40
2022-03-19,4,41
2022-03-19,5,15
2022-03-19,6,16
2022-03-19,7,35
2022-03-19,8,48
2022-03-19,9,75
2022-03-19,10,72
2022-03-19,11,84
2022-03-19,12,96
2022-03-19,13,104
2022-03-19,14,104
2022-03-19,15,96
2022-03-19,16,100
2022-03-19,17,104
2022-03-19,18,99
2022-03-19,19,130
2022-03-19,20,90
2022-03-19,21,92
2022-03-19,22,92
2022-03-19,23,87
2022-03-20,0,86
2022-03-20,1,74
2022-03-20,2,36
2022-03-20,3,49
2022-03-20,4,27
2022-03-20,5,14
2022-03-20,6,15
2022-03-20,7,26
2022-03-20,8,39
2022-03-20,9,61
2022-03-20,10,67
2022-03-20,11,92
2022-03-20,12,82
2022-03-20,13,92
2022-03-20,14,101
2022-03-20,15,76
2022-03-20,16,75
2022-03-20,17,67
2022-03-20,18,76
2022-03-20,19,72
2022-03-20,20,67
2022-03-20,21,53
2022-03-20,22,53
2022-03-20,23,35
2022-03-21,0,28
2022-03-21,1,21
2022-03-21,2,21
2022-03-21,3,26
2022-03-21,4,22
2022-03-21,5,9
2022-03-21,6,16
2022-03-21,7,39
2022-03-21,8,71
2022-03-21,9,96
2022-03-21,10,83
2022-03-21,11,88
2022-03-21,12,94
2022-03-21,13,92
2022-03-21,14,80
2022-03-21,15,72
2022-03-21,16,80
2022-03-21,17,92
2022-03-21,18,78
2022-03-21,19,80
2022-03-21,20,64
2022-03-21,21,57
2022-03-21,22,48
2022-03-21,23,45
2022-03-22,0,33
2022-03-22,1,16
2022-03-22,2,16
2022-03-22,3,16
2022-03-22,4,16
2022-03-22,5,16
2022-03-22,6,14
2022-03-22,7,44
2022-03-22,8,69
2022-03-22,9,93
2022-03-22,10,85
2022-03-22,11,67
2022-03-22,12,79
2022-03-22,13,84
2022-03-22,14,80
2022-03-22,15,65
2022-03-22,16,84
2022-03-22,17,78
2022-03-22,18,74
2022-03-22,19,72
2022-03-22,20,62
2022-03-22,21,52
2022-03-22,22,52
2022-03-22,23,53
2022-03-23,0,30
2022-03-23,1,47
2022-03-23,2,16
2022-03-23,3,12
2022-03-23,4,5
2022-03-23,5,7
2022-03-23,6,15
2022-03-23,7,40
2022-03-23,8,93
2022-03-23,9,109
2022-03-23,10,96
2022-03-23,11,96
2022-03-23,12,84
2022-03-23,13,92
2022-03-23,14,80
2022-03-23,15,76
2022-03-23,16,83
2022-03-23,17,76
2022-03-23,18,86
2022-03-23,19,80
2022-03-23,20,71
2022-03-23,21,52
2022-03-23,22,57
2022-03-23,23,48
2022-03-24,0,16
2022-03-24,1,14
2022-03-24,2,16
2022-03-24,3,8
2022-03-24,4,10
2022-03-24,5,11
2022-03-24,6,14
2022-03-24,7,48
2022-03-24,8,80
2022-03-24,9,128
2022-03-24,10,83
2022-03-24,11,98
2022-03-24,12,80
2022-03-24,13,80
2022-03-24,14,100
2022-03-24,15,84
2022-03-24,16,96
2022-03-24,17,92
2022-03-24,18,100
2022-03-24,19,92
2022-03-24,20,84
2022-03-24,21,37
2022-03-24,22,45
2022-03-24,23,83
2022-03-25,0,60
2022-03-25,1,19
2022-03-25,2,6
2022-03-25,3,9
2022-03-25,4,10
2022-03-25,5,9
2022-03-25,6,15
2022-03-25,7,39
2022-03-25,8,88
2022-03-25,9,109
2022-03-25,10,104
2022-03-25,11,101
2022-03-25,12,92
2022-03-25,13,105
2022-03-25,14,96
2022-03-25,15,92
2022-03-25,16,90
2022-03-25,17,108
2022-03-25,18,96
2022-03-25,19,121
2022-03-25,20,87
2022-03-25,21,85
2022-03-25,22,92
2022-03-25,23,89
2022-03-26,0,43
2022-03-26,1,48
2022-03-26,2,26
2022-03-26,3,25
2022-03-26,4,21
2022-03-26,5,16
2022-03-26,6,10
2022-03-26,7,16
2022-03-26,8,30
2022-03-26,9,54
2022-03-26,10,60
2022-03-26,11,59
2022-03-26,12,98
2022-03-26,13,104
2022-03-26,14,109
2022-03-26,15,96
2022-03-26,16,88
2022-03-26,17,95
2022-03-26,18,104
2022-03-26,19,112
2022-03-26,20,128
2022-03-26,21,105
2022-03-26,22,105
2022-03-26,23,96
2022-03-27,0,63
2022-03-27,1,64
2022-03-27,2,49
2022-03-27,3,34
2022-03-27,4,21
2022-03-27,5,10
2022-03-27,6,21
2022-03-27,7,40
2022-03-27,8,57
2022-03-27,9,67
2022-03-27,10,88
2022-03-27,11,84
2022-03-27,12,105
2022-03-27,13,97
2022-03-27,14,80
2022-03-27,15,79
2022-03-27,16,76
2022-03-27,17,80
2022-03-27,18,76
2022-03-27,19,66
2022-03-27,20,53
2022-03-27,21,58
2022-03-27,22,36
2022-03-27,23,26
2022-03-28,0,44
2022-03-28,1,26
2022-03-28,2,31
2022-03-28,3,4
2022-03-28,4,10
2022-03-28,5,16
2022-03-28,6,33
2022-03-28,7,71
2022-03-28,8,76
2022-03-28,9,72
2022-03-28,10,71
2022-03-28,11,84
2022-03-28,12,76
2022-03-28,13,67
2022-03-28,14,62
2022-03-28,15,71
2022-03-28,16,76
2022-03-28,17,71
2022-03-28,18,67
2022-03-28,19,57
2022-03-28,20,49
2022-03-28,21,48
2022-03-28,22,36
2022-03-28,23,29
2022-03-29,0,3
2022-03-29,1,4
2022-03-29,2,5
2022-03-29,3,8
2022-03-29,4,5
2022-03-29,5,22
2022-03-29,6,35
2022-03-29,7,69
2022-03-29,8,91
2022-03-29,9,74
2022-03-29,10,84
2022-03-29,11,72
2022-03-29,12,90
2022-03-29,13,80
2022-03-29,14,60
2022-03-29,15,64
2022-03-29,16,83
2022-03-29,17,85
2022-03-29,18,69
2022-03-29,19,44
2022-03-29,20,52
2022-03-29,21,57
2022-03-29,22,44
2022-03-29,23,23
2022-03-30,0,16
2022-03-30,1,8
2022-03-30,2,9
2022-03-30,3,10
2022-03-30,4,13
2022-03-30,5,13
2022-03-30,6,32
2022-03-30,7,84
2022-03-30,8,101
2022-03-30,9,76
2022-03-30,10,84
2022-03-30,11,76
2022-03-30,12,84
2022-03-30,13,80
2022-03-30,14,62
2022-03-30,15,71
2022-03-30,16,76
2022-03-30,17,78
2022-03-30,18,70
2022-03-30,19,51
2022-03-30,20,44
2022-03-30,21,48
2022-03-30,22,48
2022-03-30,23,29
2022-03-31,0,16
2022-03-31,1,12
2022-03-31,2,12
2022-03-31,3,4
2022-03-31,4,6
2022-03-31,5,11
2022-03-31,6,25
2022-03-31,7,70
2022-03-31,8,105
2022-03-31,9,71
2022-03-31,10,80
2022-03-31,11,54
2022-03-31,12,99
2022-03-31,13,63
2022-03-31,14,87
2022-03-31,15,65
2022-03-31,16,104
2022-03-31,17,107
2022-03-31,18,96
2022-03-31,19,93
2022-03-31,20,72
2022-03-31,21,76
2022-03-31,22,64
2022-03-31,23,37
2022-04-01,0,19
2022-04-01,1,15
2022-04-01,2,15
2022-04-01,3,10
2022-04-01,4,8
2022-04-01,5,20
2022-04-01,6,48
2022-04-01,7,75
2022-04-01,8,92
2022-04-01,9,76
2022-04-01,10,91
2022-04-01,11,80
2022-04-01,12,93
2022-04-01,13,80
2022-04-01,14,84
2022-04-01,15,84
2022-04-01,16,89
2022-04-01,17,96
2022-04-01,18,104
2022-04-01,19,100
2022-04-01,20,90
2022-04-01,21,92
2022-04-01,22,85
2022-04-01,23,82
2022-04-02,0,43
2022-04-02,1,40
2022-04-02,2,33
2022-04-02,3,31
2022-04-02,4,18
2022-04-02,5,15
2022-04-02,6,31
2022-04-02,7,48
2022-04-02,8,75
2022-04-02,9,67
2022-04-02,10,80
2022-04-02,11,96
2022-04-02,12,100
2022-04-02,13,96
2022-04-02,14,82
2022-04-02,15,94
2022-04-02,16,107
2022-04-02,17,84
2022-04-02,18,89
2022-04-02,19,96
2022-04-02,20,93
2022-04-02,21,105
2022-04-02,22,97
2022-04-02,23,70
2022-04-03,0,44
2022-04-03,1,45
2022-04-03,2,35
2022-04-03,3,15
2022-04-03,4,16
2022-04-03,5,10
2022-04-03,6,26
2022-04-03,7,40
2022-04-03,8,57
2022-04-03,9,75
2022-04-03,10,88
2022-04-03,11,80
2022-04-03,12,93
2022-04-03,13,91
2022-04-03,14,63
2022-04-03,15,72
2022-04-03,16,56
2022-04-03,17,80
2022-04-03,18,62
2022-04-03,19,61
2022-04-03,20,40
2022-04-03,21,37
2022-04-03,22,30
2022-04-03,23,19
2022-04-04,0,33
2022-04-04,1,26
2022-04-04,2,31
2022-04-04,3,10
2022-04-04,4,10
2022-04-04,5,20
2022-04-04,6,37
2022-04-04,7,66
2022-04-04,8,71
2022-04-04,9,64
2022-04-04,10,71
2022-04-04,11,88
2022-04-04,12,76
2022-04-04,13,64
2022-04-04,14,76
2022-04-04,15,62
2022-04-04,16,80
2022-04-04,17,62
2022-04-04,18,58
2022-04-04,19,38
2022-04-04,20,35
2022-04-04,21,25
2022-04-04,22,43
2022-04-04,23,35
2022-04-05,0,16
2022-04-05,1,16
2022-04-05,2,16
2022-04-05,3,16
2022-04-05,4,16
2022-04-05,5,22
2022-04-05,6,48
2022-04-05,7,91
2022-04-05,8,116
2022-04-05,9,93
2022-04-05,10,70
2022-04-05,11,76
2022-04-05,12,59
2022-04-05,13,76
2022-04-05,14,62
2022-04-05,15,72
2022-04-05,16,75
2022-04-05,17,71
2022-04-05,18,82
2022-04-05,19,50
2022-04-05,20,42
2022-04-05,21,52
2022-04-05,22,43
2022-04-05,23,19
2022-04-06,0,23
2022-04-06,1,15
2022-04-06,2,6
2022-04-06,3,7
2022-04-06,4,7
2022-04-06,5,25
2022-04-06,6,36
2022-04-06,7,84
2022-04-06,8,101
2022-04-06,9,140
2022-04-06,10,153
2022-04-06,11,186
2022-04-06,12,134
2022-04-06,13,106
2022-04-06,14,71
2022-04-06,15,71
2022-04-06,16,105
2022-04-06,17,151
2022-04-06,18,140
2022-04-06,19,83
2022-04-06,20,57
2022-04-06,21,44
2022-04-06,22,41
2022-04-06,23,19
2022-04-07,0,11
2022-04-07,1,13
2022-04-07,2,7
2022-04-07,3,3
2022-04-07,4,9
2022-04-07,5,19
2022-04-07,6,37
2022-04-07,7,70
2022-04-07,8,141
2022-04-07,9,137
2022-04-07,10,110
2022-04-07,11,137
2022-04-07,12,155
2022-04-07,13,125
2022-04-07,14,102
2022-04-07,15,86
2022-04-07,16,125
2022-04-07,17,139
2022-04-07,18,83
2022-04-07,19,104
2022-04-07,20,63
2022-04-07,21,76
2022-04-07,22,57
2022-04-07,23,27
2022-04-08,0,8
2022-04-08,1,11
2022-04-08,2,20
2022-04-08,3,4
2022-04-08,4,10
2022-04-08,5,26
2022-04-08,6,26
2022-04-08,7,76
2022-04-08,8,84
2022-04-08,9,76
2022-04-08,10,93
2022-04-08,11,76
2022-04-08,12,89
2022-04-08,13,90
2022-04-08,14,100
2022-04-11,7,66
2022-04-11,8,84
2022-04-11,9,67
2022-04-11,10,80
2022-04-11,11,80
2022-04-11,12,76
2022-04-11,13,61
2022-04-11,14,71
2022-04-11,15,71
2022-04-11,16,72
2022-04-11,17,71
2022-04-11,18,62
2022-04-11,19,48
2022-04-11,20,42
2022-04-11,21,40
2022-04-11,22,32
2022-04-11,23,22
2022-04-12,0,16
2022-04-12,1,16
2022-04-12,2,16
2022-04-12,3,8
2022-04-12,4,8
2022-04-12,5,21
2022-04-12,6,37
2022-04-12,7,82
2022-04-12,8,119
2022-04-12,9,79
2022-04-12,10,67
2022-04-12,11,71
2022-04-12,12,67
2022-04-12,13,72
2022-04-12,14,62
2022-04-12,15,71
2022-04-12,16,75
2022-04-12,17,67
2022-04-12,18,76
2022-04-12,19,52
2022-04-12,20,44
2022-04-12,21,52
2022-04-12,22,40
2022-04-12,23,25
2022-04-13,0,21
2022-04-13,1,16
2022-04-13,2,16
2022-04-13,3,9
2022-04-13,4,6
2022-04-13,5,15
2022-04-13,6,41
2022-04-13,7,80
2022-04-13,8,118
2022-04-13,9,93
2022-04-13,10,100
2022-04-13,11,92
2022-04-13,12,84
2022-04-13,13,84
2022-04-13,14,67
2022-04-13,15,76
2022-04-13,16,88
2022-04-13,17,88
2022-04-13,18,84
2022-04-13,19,66
2022-04-13,20,44
2022-04-13,21,50
2022-04-13,22,40
2022-04-13,23,36
2022-04-14,0,20
2022-04-14,1,12
2022-04-14,2,5
2022-04-14,3,4
2022-04-14,4,11
2022-04-14,5,18
2022-04-14,6,30
2022-04-14,7,70
2022-04-14,8,85
2022-04-14,9,81
2022-04-14,10,99
2022-04-14,11,101
2022-04-14,12,73
2022-04-14,13,102
2022-04-14,14,93
2022-04-14,15,81
2022-04-14,16,106
2022-04-14,17,110
2022-04-14,18,84
2022-04-14,19,80
2022-04-14,20,71
2022-04-14,21,76
2022-04-14,22,79
2022-04-14,23,58
2022-04-15,0,33
2022-04-15,1,19
2022-04-15,2,23
2022-04-15,3,13
2022-04-15,4,8
2022-04-15,5,8
2022-04-15,6,23
2022-04-15,7,55
2022-04-15,8,41
2022-04-15,9,66
2022-04-15,10,83
2022-04-15,11,79
2022-04-15,12,103
2022-04-15,13,97
2022-04-15,14,97
2022-04-15,15,83
2022-04-15,16,92
2022-04-15,17,91
2022-04-15,18,105
2022-04-15,19,77
2022-04-15,20,58
2022-04-15,21,79
2022-04-15,22,72
2022-04-15,23,61
2022-04-16,0,52
2022-04-16,1,39
2022-04-16,2,34
2022-04-16,3,22
2022-04-16,4,18
2022-04-16,5,14
2022-04-16,6,30
2022-04-16,7,48
2022-04-16,8,71
2022-04-16,9,67
2022-04-16,10,80
2022-04-16,11,96
2022-04-16,12,98
2022-04-16,13,104
2022-04-16,14,92
2022-04-16,15,96
2022-04-16,16,100
2022-04-16,17,92
2022-04-16,18,109
2022-04-16,19,101
2022-04-16,20,96
2022-04-16,21,110
2022-04-16,22,101
2022-04-16,23,75
2022-04-17,0,76
2022-04-17,1,53
2022-04-17,2,30
2022-04-17,3,16
2022-04-17,4,8
2022-04-17,5,10
2022-04-17,6,26
2022-04-17,7,40
2022-04-17,8,57
2022-04-17,9,71
2022-04-17,10,92
2022-04-17,11,59
2022-04-17,12,85
2022-04-17,13,84
2022-04-17,14,67
2022-04-17,15,67
2022-04-17,16,62
2022-04-17,17,76
2022-04-17,18,71
2022-04-17,19,57
2022-04-17,20,47
2022-04-17,21,53
2022-04-17,22,45
2022-04-17,23,57
2022-04-18,0,49
2022-04-18,1,25
2022-04-18,2,21
2022-04-18,3,12
2022-04-18,4,12
2022-04-18,5,19
2022-04-18,6,22
2022-04-18,7,53
2022-04-18,8,76
2022-04-18,9,62
2022-04-18,10,57
2022-04-18,11,76
2022-04-18,12,72
2022-04-18,13,57
2022-04-18,14,72
2022-04-18,15,66
2022-04-18,16,72
2022-04-18,17,67
2022-04-18,18,67
2022-04-18,19,52
2022-04-18,20,52
2022-04-18,21,44
2022-04-18,22,36
2022-04-18,23,40
2022-04-19,0,12
2022-04-19,1,16
2022-04-19,2,16
2022-04-19,3,16
2022-04-19,4,15
2022-04-19,5,22
2022-04-19,6,47
2022-04-19,7,84
2022-04-19,8,103
2022-04-19,9,84
2022-04-19,10,72
2022-04-19,11,71
2022-04-19,12,76
2022-04-19,13,67
2022-04-19,14,67
2022-04-19,15,67
2022-04-19,16,72
2022-04-19,17,66
2022-04-19,18,53
2022-04-19,19,49
2022-04-19,20,48
2022-04-19,21,52
2022-04-19,22,35
2022-04-19,23,11
2022-04-20,0,26
2022-04-20,1,16
2022-04-20,2,12
2022-04-20,3,7
2022-04-20,4,10
2022-04-20,5,17
2022-04-20,6,38
2022-04-20,7,76
2022-04-20,8,101
2022-04-20,9,89
2022-04-20,10,69
2022-04-20,11,98
2022-04-20,12,76
2022-04-20,13,67
2022-04-20,14,57
2022-04-20,15,71
2022-04-20,16,80
2022-04-20,17,76
2022-04-20,18,80
2022-04-20,19,61
2022-04-20,20,44
2022-04-20,21,52
2022-04-20,22,45
2022-04-20,23,28
2022-04-21,0,16
2022-04-21,1,12
2022-04-21,2,4
2022-04-21,3,4
2022-04-21,4,8
2022-04-21,5,17
2022-04-21,6,39
2022-04-21,7,72
2022-04-21,8,113
2022-04-21,9,88
2022-04-21,10,92
2022-04-21,11,92
2022-04-21,12,97
2022-04-21,13,93
2022-04-21,14,83
2022-04-21,15,75
2022-04-21,16,101
2022-04-21,17,101
2022-04-21,18,84
2022-04-21,19,80
2022-04-21,20,66
2022-04-21,21,80
2022-04-21,22,65
2022-04-21,23,39
2022-04-22,0,18
2022-04-22,1,16
2022-04-22,2,12
2022-04-22,3,8
2022-04-22,4,12
2022-04-22,5,19
2022-04-22,6,30
2022-04-22,7,79
2022-04-22,8,84
2022-04-22,9,76
2022-04-22,10,84
2022-04-22,11,80
2022-04-22,12,92
2022-04-22,13,88
2022-04-22,14,88
2022-04-22,15,88
2022-04-22,16,70
2022-04-22,17,96
2022-04-22,18,116
2022-04-22,19,96
2022-04-22,20,76
2022-04-22,21,88
2022-04-22,22,95
2022-04-22,23,77
2022-04-23,0,48
2022-04-23,1,43
2022-04-23,2,32
2022-04-23,3,24
2022-04-23,4,9
2022-04-23,5,11
2022-04-23,6,23
2022-04-23,7,31
2022-04-23,8,75
2022-04-23,9,63
2022-04-23,10,80
2022-04-23,11,100
2022-04-23,12,96
2022-04-23,13,109
2022-04-23,14,92
2022-04-23,15,96
2022-04-23,16,105
2022-04-23,17,98
2022-04-23,18,98
2022-04-23,19,81
2022-04-23,20,90
2022-04-23,21,93
2022-04-23,22,101
2022-04-23,23,45
2022-04-24,0,56
2022-04-24,1,54
2022-04-24,2,30
2022-04-24,3,19
2022-04-24,4,16
2022-04-24,5,12
2022-04-24,6,26
2022-04-24,7,40
2022-04-24,8,57
2022-04-24,9,72
2022-04-24,10,88
2022-04-24,11,72
2022-04-24,12,88
2022-04-24,13,88
2022-04-24,14,67
2022-04-24,15,75
2022-04-24,16,67
2022-04-24,17,80
2022-04-24,18,76
2022-04-24,19,66
2022-04-24,20,48
2022-04-24,21,48
2022-04-24,22,40
2022-04-24,23,18
2022-04-25,0,16
2022-04-25,1,10
2022-04-25,2,6
2022-04-25,3,9
2022-04-25,4,8
2022-04-25,5,24
2022-04-25,6,38
2022-04-25,7,72
2022-04-25,8,83
2022-04-25,9,75
2022-04-25,10,85
2022-04-25,11,80
2022-04-25,12,80
2022-04-25,13,68
2022-04-25,14,49
2022-04-25,15,65
2022-04-25,16,61
2022-04-25,17,67
2022-04-25,18,63
2022-04-25,19,52
2022-04-25,20,44
2022-04-25,21,44
2022-04-25,22,36
2022-04-25,23,30
2022-04-26,0,16
2022-04-26,1,6
2022-04-26,2,3
2022-04-26,3,3
2022-04-26,4,10
2022-04-26,5,19
2022-04-26,6,51
2022-04-26,7,99
2022-04-26,8,103
2022-04-26,9,80
2022-04-26,10,60
2022-04-26,11,70
2022-04-26,12,82
2022-04-26,13,95
2022-04-26,14,77
2022-04-26,15,56
2022-04-26,16,67
2022-04-26,17,67
2022-04-26,18,76
2022-04-26,19,53
2022-04-26,20,40
2022-04-26,21,52
2022-04-26,22,48
2022-04-26,23,33
2022-04-27,0,26
2022-04-27,1,16
2022-04-27,2,16
2022-04-27,3,4
2022-04-27,4,12
2022-04-27,5,15
2022-04-27,6,40
2022-04-27,7,71
2022-04-27,8,101
2022-04-27,9,69
2022-04-27,10,91
2022-04-27,11,78
2022-04-27,12,83
2022-04-27,13,80
2022-04-27,14,72
2022-04-27,15,71
2022-04-27,16,88
2022-04-27,17,88
2022-04-27,18,88
2022-04-27,19,82
2022-04-27,20,44
2022-04-27,21,52
2022-04-27,22,44
2022-04-27,23,31
2022-04-28,0,16
2022-04-28,1,12
2022-04-28,2,16
2022-04-28,3,17
2022-04-28,4,12
2022-04-28,5,16
2022-04-28,6,39
2022-04-28,7,71
2022-04-28,8,104
2022-04-28,9,88
2022-04-28,10,92
2022-04-28,11,92
2022-04-28,12,101
2022-04-28,13,105
2022-04-28,14,80
2022-04-28,15,82
2022-04-28,16,115
2022-04-28,17,105
2022-04-28,18,92
2022-04-28,19,88
2022-04-28,20,71
2022-04-28,21,76
2022-04-28,22,74
2022-04-28,23,45
2022-04-29,0,21
2022-04-29,1,16
2022-04-29,2,16
2022-04-29,3,16
2022-04-29,4,16
2022-04-29,5,21
2022-04-29,6,31
2022-04-29,7,76
2022-04-29,8,88
2022-04-29,9,90
2022-04-29,10,91
2022-04-29,11,115
2022-04-29,12,98
2022-04-29,13,90
2022-04-29,14,92
2022-04-29,15,86
2022-04-29,16,103
2022-04-29,17,99
2022-04-29,18,112
2022-04-29,19,98
2022-04-29,20,68
2022-04-29,21,70
2022-04-29,22,68
2022-04-29,23,71
2022-04-30,0,60
2022-04-30,1,39
2022-04-30,2,32
2022-04-30,3,19
2022-04-30,4,10
2022-04-30,5,18
2022-04-30,6,29
2022-04-30,7,44
2022-04-30,8,75
2022-04-30,9,72
2022-04-30,10,76
2022-04-30,11,100
2022-04-30,12,109
2022-04-30,13,114
2022-04-30,14,100
2022-04-30,15,101
2022-04-30,16,114
2022-04-30,17,112
2022-04-30,18,111
2022-04-30,19,110
2022-04-30,20,105
2022-04-30,21,111
2022-04-30,22,93
2022-04-30,23,69
2022-05-01,0,60
2022-05-01,1,43
2022-05-01,2,44
2022-05-01,3,32
2022-05-01,4,23
2022-05-01,5,12
2022-05-01,6,25
2022-05-01,7,44
2022-05-01,8,62
2022-05-01,9,71
2022-05-01,10,88
2022-05-01,11,66
2022-05-01,12,92
2022-05-01,13,92
2022-05-01,14,76
2022-05-01,15,114
2022-05-01,16,52
2022-05-01,17,76
2022-05-01,18,66
2022-05-01,19,67
2022-05-01,20,42
2022-05-01,21,48
2022-05-01,22,46
2022-05-01,23,44
2022-05-02,0,24
2022-05-02,1,15
2022-05-02,2,19
2022-05-02,3,8
2022-05-02,4,16
2022-05-02,5,16
2022-05-02,6,29
2022-05-02,7,55
2022-05-02,8,71
2022-05-02,9,57
2022-05-02,10,69
2022-05-02,11,65
2022-05-02,12,51
2022-05-02,13,62
2022-05-02,14,44
2022-05-02,15,63
2022-05-02,16,43
2022-05-02,17,53
2022-05-02,18,62
2022-05-02,19,52
2022-05-02,20,44
2022-05-02,21,44
2022-05-02,22,36
2022-05-02,23,31
2022-05-03,0,5
2022-05-03,1,5
2022-05-03,2,7
2022-05-03,3,5
2022-05-03,4,12
2022-05-03,5,21
2022-05-03,6,39
2022-05-03,7,80
2022-05-03,8,98
2022-05-03,9,84
2022-05-03,10,72
2022-05-03,11,76
2022-05-03,12,80
2022-05-03,13,72
2022-05-03,14,62
2022-05-03,15,62
2022-05-03,16,67
2022-05-03,17,72
2022-05-03,18,67
2022-05-03,19,48
2022-05-03,20,44
2022-05-03,21,52
2022-05-03,22,44
2022-05-03,23,22
2022-05-04,0,13
2022-05-04,1,14
2022-05-04,2,10
2022-05-04,3,3
2022-05-04,4,7
2022-05-04,5,16
2022-05-04,6,52
2022-05-04,7,98
2022-05-04,8,92
2022-05-04,9,83
2022-05-04,10,105
2022-05-04,11,107
2022-05-04,12,74
2022-05-04,13,76
2022-05-04,14,62
2022-05-04,15,77
2022-05-04,16,85
2022-05-04,17,86
2022-05-04,18,55
2022-05-04,19,66
2022-05-04,20,44
2022-05-04,21,52
2022-05-04,22,40
2022-05-04,23,25
2022-05-05,0,17
2022-05-05,1,12
2022-05-05,2,12
2022-05-05,3,0
2022-05-05,4,12
2022-05-05,5,24
2022-05-05,6,36
2022-05-05,7,69
2022-05-05,8,110
2022-05-05,9,84
2022-05-05,10,96
2022-05-05,11,92
2022-05-05,12,101
2022-05-05,13,84
2022-05-05,14,84
2022-05-05,15,88
2022-05-05,16,100
2022-05-05,17,109
2022-05-05,18,88
2022-05-05,19,84
2022-05-05,20,66
2022-05-05,21,76
2022-05-05,22,86
2022-05-05,23,41
2022-05-06,0,21
2022-05-06,1,18
2022-05-06,2,17
2022-05-06,3,8
2022-05-06,4,9
2022-05-06,5,11
2022-05-06,6,34
2022-05-06,7,97
2022-05-06,8,106
2022-05-06,9,78
2022-05-06,10,82
2022-05-06,11,88
2022-05-06,12,94
2022-05-06,13,92
2022-05-06,14,77
2022-05-06,15,86
2022-05-06,16,101
2022-05-06,17,100
2022-05-06,18,118
2022-05-06,19,99
2022-05-06,20,78
2022-05-06,21,72
2022-05-06,22,104
2022-05-06,23,92
2022-05-07,0,78
2022-05-07,1,39
2022-05-07,2,36
2022-05-07,3,18
2022-05-07,4,12
2022-05-07,5,7
2022-05-07,6,31
2022-05-07,7,44
2022-05-07,8,64
2022-05-07,9,71
2022-05-07,10,71
2022-05-07,11,105
2022-05-07,12,115
2022-05-07,13,110
2022-05-07,14,87
2022-05-07,15,92
2022-05-07,16,93
2022-05-07,17,98
2022-05-07,18,96
2022-05-07,19,90
2022-05-07,20,66
2022-05-07,21,103
2022-05-07,22,116
2022-05-07,23,75
2022-05-08,0,64
2022-05-08,1,61
2022-05-08,2,46
2022-05-08,3,22
2022-05-08,4,10
2022-05-08,5,13
2022-05-08,6,24
2022-05-08,7,40
2022-05-08,8,57
2022-05-08,9,67
2022-05-08,10,92
2022-05-08,11,72
2022-05-08,12,96
2022-05-08,13,92
2022-05-08,14,80
2022-05-08,15,128
2022-05-08,16,62
2022-05-08,17,80
2022-05-08,18,62
2022-05-08,19,57
2022-05-08,20,44
2022-05-08,21,48
2022-05-08,22,44
2022-05-08,23,33
2022-05-09,0,38
2022-05-09,1,14
2022-05-09,2,10
2022-05-09,3,2
2022-05-09,4,16
2022-05-09,5,28
2022-05-09,6,30
2022-05-09,7,66
2022-05-09,8,92
2022-05-09,9,75
2022-05-09,10,128
2022-05-09,11,88
2022-05-09,12,76
2022-05-09,13,80
2022-05-09,14,72
2022-05-09,15,66
2022-05-09,16,72
2022-05-09,17,72
2022-05-09,18,67
2022-05-09,19,48
2022-05-09,20,52
2022-05-09,21,48
2022-05-09,22,36
2022-05-09,23,24
2022-05-10,0,13
2022-05-10,1,12
2022-05-10,2,14
2022-05-10,3,4
2022-05-10,4,13
2022-05-10,5,22
2022-05-10,6,44
2022-05-10,7,84
2022-05-10,8,101
2022-05-10,9,80
2022-05-10,10,72
2022-05-10,11,76
2022-05-10,12,89
2022-05-10,13,76
2022-05-10,14,74
2022-05-10,15,81
2022-05-10,16,76
2022-05-10,17,68
2022-05-10,18,67
2022-05-10,19,57
2022-05-10,20,52
2022-05-10,21,52
2022-05-10,22,46
2022-05-10,23,28
2022-05-11,0,22
2022-05-11,1,17
2022-05-11,2,10
2022-05-11,3,11
2022-05-11,4,9
2022-05-11,5,18
2022-05-11,6,29
2022-05-11,7,78
2022-05-11,8,99
2022-05-11,9,79
2022-05-11,10,91
2022-05-11,11,90
2022-05-11,12,85
2022-05-11,13,78
2022-05-11,14,71
2022-05-11,15,86
2022-05-11,16,94
2022-05-11,17,80
2022-05-11,18,62
2022-05-11,19,71
2022-05-11,20,44
2022-05-11,21,52
2022-05-11,22,46
2022-05-11,23,31
2022-05-12,0,16
2022-05-12,1,12
2022-05-12,2,12
2022-05-12,3,11
2022-05-12,4,7
2022-05-12,5,24
2022-05-12,6,34
2022-05-12,7,75
2022-05-12,8,123
2022-05-12,9,74
2022-05-12,10,91
2022-05-12,11,90
2022-05-12,12,92
2022-05-12,13,88
2022-05-12,14,76
2022-05-12,15,84
2022-05-12,16,100
2022-05-12,17,105
2022-05-12,18,88
2022-05-12,19,84
2022-05-12,20,72
2022-05-12,21,76
2022-05-12,22,70
2022-05-12,23,44
2022-05-13,0,22
2022-05-13,1,11
2022-05-13,2,16
2022-05-13,3,16
2022-05-13,4,12
2022-05-13,5,17
2022-05-13,6,34
2022-05-13,7,56
2022-05-13,8,88
2022-05-13,9,88
2022-05-13,10,92
2022-05-13,11,80
2022-05-13,12,88
2022-05-13,13,88
2022-05-13,14,84
2022-05-13,15,104
2022-05-13,16,107
2022-05-13,17,98
2022-05-13,18,116
2022-05-13,19,77
2022-05-13,20,80
2022-05-13,21,55
2022-05-13,22,59
2022-05-13,23,52
2022-05-14,0,61
2022-05-14,1,30
2022-05-14,2,21
2022-05-14,3,17
2022-05-14,4,16
2022-05-14,5,15
2022-05-14,6,29
2022-05-14,7,46
2022-05-14,8,71
2022-05-14,9,71
2022-05-14,10,80
2022-05-14,11,96
2022-05-14,12,82
2022-05-14,13,77
2022-05-14,14,68
2022-05-14,15,74
2022-05-14,16,83
2022-05-14,17,76
2022-05-14,18,98
2022-05-14,19,97
2022-05-14,20,74
2022-05-14,21,74
2022-05-14,22,106
2022-05-14,23,125
2022-05-15,0,94
2022-05-15,1,46
2022-05-15,2,34
2022-05-15,3,26
2022-05-15,4,8
2022-05-15,5,11
2022-05-15,6,24
2022-05-15,7,44
2022-05-15,8,57
2022-05-15,9,71
2022-05-15,10,88
2022-05-15,11,80
2022-05-15,12,92
2022-05-15,13,97
2022-05-15,14,80
2022-05-15,15,128
2022-05-15,16,62
2022-05-15,17,72
2022-05-15,18,67
2022-05-15,19,72
2022-05-15,20,48
2022-05-15,21,48
2022-05-15,22,33
2022-05-15,23,29
2022-05-16,0,9
2022-05-16,1,12
2022-05-16,2,11
2022-05-16,3,6
2022-05-16,4,10
2022-05-16,5,15
2022-05-16,6,44
2022-05-16,7,70
2022-05-16,8,122
2022-05-16,9,79
2022-05-16,10,77
2022-05-16,11,67
2022-05-16,12,70
2022-05-16,13,82
2022-05-16,14,59
2022-05-16,15,60
2022-05-16,16,84
2022-05-16,17,69
2022-05-16,18,60
2022-05-16,19,49
2022-05-16,20,39
2022-05-16,21,36
2022-05-16,22,25
2022-05-16,23,18
2022-05-17,0,16
2022-05-17,1,12
2022-05-17,2,16
2022-05-17,3,16
2022-05-17,4,17
2022-05-17,5,23
2022-05-17,6,38
2022-05-17,7,86
2022-05-17,8,87
2022-05-17,9,74
2022-05-17,10,72
2022-05-17,11,85
2022-05-17,12,68
2022-05-17,13,80
2022-05-17,14,62
2022-05-17,15,75
2022-05-17,16,70
2022-05-17,17,66
2022-05-17,18,66
2022-05-17,19,48
2022-05-17,20,52
2022-05-17,21,57
2022-05-17,22,38
2022-05-17,23,21
2022-05-18,0,39
2022-05-18,1,16
2022-05-18,2,12
2022-05-18,3,4
2022-05-18,4,10
2022-05-18,5,17
2022-05-18,6,44
2022-05-18,7,104
2022-05-18,8,115
2022-05-18,9,73
2022-05-18,10,74
2022-05-18,11,71
2022-05-18,12,91
2022-05-18,13,80
2022-05-18,14,67
2022-05-18,15,76
2022-05-18,16,92
2022-05-18,17,84
2022-05-18,18,71
2022-05-18,19,61
2022-05-18,20,44
2022-05-18,21,44
2022-05-18,22,48
2022-05-18,23,31
2022-05-19,0,16
2022-05-19,1,16
2022-05-19,2,10
2022-05-19,3,16
2022-05-19,4,5
2022-05-19,5,19
2022-05-19,6,36
2022-05-19,7,87
2022-05-19,8,97
2022-05-19,9,69
2022-05-19,10,74
2022-05-19,11,67
2022-05-19,12,75
2022-05-19,13,88
2022-05-19,14,80
2022-05-19,15,76
2022-05-19,16,96
2022-05-19,17,96
2022-05-19,18,84
2022-05-19,19,80
2022-05-19,20,71
2022-05-19,21,88
2022-05-19,22,76
2022-05-19,23,29
2022-05-20,0,31
2022-05-20,1,16
2022-05-20,2,17
2022-05-20,3,7
2022-05-20,4,5
2022-05-20,5,15
2022-05-20,6,38
2022-05-20,7,68
2022-05-20,8,77
2022-05-20,9,109
2022-05-20,10,82
2022-05-20,11,92
2022-05-20,12,85
2022-05-20,13,88
2022-05-20,14,88
2022-05-20,15,102
2022-05-20,16,102
2022-05-20,17,99
2022-05-20,18,113
2022-05-20,19,77
2022-05-20,20,53
2022-05-20,21,47
2022-05-20,22,73
2022-05-20,23,83
2022-05-21,0,62
2022-05-21,1,34
2022-05-21,2,21
2022-05-21,3,21
2022-05-21,4,9
2022-05-21,5,8
2022-05-21,6,31
2022-05-21,7,44
2022-05-21,8,71
2022-05-21,9,71
2022-05-21,10,84
2022-05-21,11,100
2022-05-21,12,73
2022-05-21,13,64
2022-05-21,14,69
2022-05-21,15,74
2022-05-21,16,76
2022-05-21,17,96
2022-05-21,18,101
2022-05-21,19,96
2022-05-21,20,77
2022-05-21,21,90
2022-05-21,22,78
2022-05-21,23,89
2022-05-22,0,64
2022-05-22,1,58
2022-05-22,2,40
2022-05-22,3,17
2022-05-22,4,7
2022-05-22,5,8
2022-05-22,6,26
2022-05-22,7,39
2022-05-22,8,57
2022-05-22,9,76
2022-05-22,10,96
2022-05-22,11,76
2022-05-22,12,104
2022-05-22,13,92
2022-05-22,14,75
2022-05-22,15,133
2022-05-22,16,62
2022-05-22,17,76
2022-05-22,18,80
2022-05-22,19,49
2022-05-22,20,43
2022-05-22,21,48
2022-05-22,22,41
2022-05-22,23,30
2022-05-23,0,27
2022-05-23,1,16
2022-05-23,2,14
2022-05-23,3,11
2022-05-23,4,7
2022-05-23,5,16
2022-05-23,6,27
2022-05-23,7,106
2022-05-23,8,101
2022-05-23,9,82
2022-05-23,10,73
2022-05-23,11,80
2022-05-23,12,71
2022-05-23,13,74
2022-05-23,14,60
2022-05-23,15,56
2022-05-23,16,64
2022-05-23,17,69
2022-05-23,18,76
2022-05-23,19,52
2022-05-23,20,48
2022-05-23,21,48
2022-05-23,22,36
2022-05-23,23,36
2022-05-24,0,16
2022-05-24,1,11
2022-05-24,13,83
2022-05-24,14,67
2022-05-24,15,65
2022-05-24,16,71
2022-05-24,17,76
2022-05-24,18,67
2022-05-24,19,53
2022-05-24,20,62
2022-05-24,21,52
2022-05-24,22,48
2022-05-24,23,27
2022-05-25,0,26
2022-05-25,1,16
2022-05-25,2,14
2022-05-25,3,8
2022-05-25,4,11
2022-05-25,5,28
2022-05-25,6,35
2022-05-25,7,83
2022-05-25,8,107
2022-05-25,9,75
2022-05-25,10,77
2022-05-25,11,108
2022-05-25,12,65
2022-05-25,13,69
2022-05-25,14,83
2022-05-25,15,68
2022-05-25,16,94
2022-05-25,17,74
2022-05-25,18,78
2022-05-25,19,35
2022-05-25,20,35
2022-05-25,21,52
2022-05-25,22,39
2022-05-25,23,27
2022-05-26,0,32
2022-05-26,1,19
2022-05-26,2,12
2022-05-26,3,10
2022-05-26,4,11
2022-05-26,5,18
2022-05-26,6,39
2022-05-26,7,86
2022-05-26,8,85
2022-05-26,9,85
2022-05-26,10,75
2022-05-26,11,95
2022-05-26,12,82
2022-05-26,13,88
2022-05-26,14,69
2022-05-26,15,75
2022-05-26,16,114
2022-05-26,17,121
2022-05-26,18,101
2022-05-26,19,101
2022-05-26,20,80
2022-05-26,21,84
2022-05-26,22,79
2022-05-26,23,37
2022-05-27,0,24
2022-05-27,1,16
2022-05-27,2,16
2022-05-27,3,8
2022-05-27,4,12
2022-05-27,5,16
2022-05-27,6,38
2022-05-27,7,70
2022-05-27,8,84
2022-05-27,9,84
2022-05-27,10,88
2022-05-27,11,92
2022-05-27,12,96
2022-05-27,13,92
2022-05-27,14,115
2022-05-27,15,73
2022-05-27,16,109
2022-05-27,17,105
2022-05-27,18,124
2022-05-27,19,78
2022-05-27,20,62
2022-05-27,21,74
2022-05-27,22,80
2022-05-27,23,99
2022-05-28,0,62
2022-05-28,1,43
2022-05-28,2,35
2022-05-28,3,19
2022-05-28,4,4
2022-05-28,5,10
2022-05-28,6,24
2022-05-28,7,44
2022-05-28,8,71
2022-05-28,9,67
2022-05-28,10,84
2022-05-28,11,104
2022-05-28,12,92
2022-05-28,13,105
2022-05-28,14,92
2022-05-28,15,92
2022-05-28,16,100
2022-05-28,17,92
2022-05-28,18,109
2022-05-28,19,96
2022-05-28,20,88
2022-05-28,21,106
2022-05-28,22,105
2022-05-28,23,107
2022-05-29,0,80
2022-05-29,1,61
2022-05-29,2,54
2022-05-29,3,19
2022-05-29,4,15
2022-05-29,5,14
2022-05-29,6,26
2022-05-29,7,40
2022-05-29,8,57
2022-05-29,9,75
2022-05-29,10,84
2022-05-29,11,71
2022-05-29,12,88
2022-05-29,13,97
2022-05-29,14,76
2022-05-29,15,125
2022-05-29,16,62
2022-05-29,17,84
2022-05-29,18,72
2022-05-29,19,55
2022-05-29,20,53
2022-05-29,21,48
2022-05-29,22,40
2022-05-29,23,31
2022-05-30,0,22
2022-05-30,1,16
2022-05-30,2,16
2022-05-30,3,8
2022-05-30,4,10
2022-05-30,5,23
2022-05-30,6,34
2022-05-30,7,79
2022-05-30,8,96
2022-05-30,9,71
2022-05-30,10,76
2022-05-30,11,84
2022-05-30,12,75
2022-05-30,13,71
2022-05-30,14,60
2022-05-30,15,67
2022-05-30,16,72
2022-05-30,17,73
2022-05-30,18,80
2022-05-30,19,57
2022-05-30,20,52
2022-05-30,21,48
2022-05-30,22,36
2022-05-30,23,40
2022-05-31,0,12
2022-05-31,1,16
2022-05-31,2,16
2022-05-31,3,16
2022-05-31,4,16
2022-05-31,5,16
2022-05-31,6,40
2022-05-31,7,84
2022-05-31,8,101
2022-05-31,9,84
2022-05-31,10,76
2022-05-31,11,75
2022-05-31,12,80
2022-05-31,13,78
2022-05-31,14,62
2022-05-31,15,72
2022-05-31,16,80
2022-05-31,17,75
2022-05-31,18,80
2022-05-31,19,57
2022-05-31,20,52
2022-05-31,21,62
2022-05-31,22,46
2022-05-31,23,42
2022-06-01,0,14
2022-06-01,1,9
2022-06-01,2,10
2022-06-01,3,5
2022-06-01,4,6
2022-06-01,5,18
2022-06-01,6,35
2022-06-01,7,88
2022-06-01,8,119
2022-06-01,9,81
2022-06-01,10,92
2022-06-01,11,96
2022-06-01,12,80
2022-06-01,13,84
2022-06-01,14,72
2022-06-01,15,80
2022-06-01,16,92
2022-06-01,17,92
2022-06-01,18,79
2022-06-01,19,61
2022-06-01,20,48
2022-06-01,21,52
2022-06-01,22,69
2022-06-01,23,106
2022-06-02,0,64
2022-06-02,1,13
2022-06-02,2,14
2022-06-02,3,11
2022-06-02,4,9
2022-06-02,5,19
2022-06-02,6,37
2022-06-02,7,57
2022-06-02,8,88
2022-06-02,9,80
2022-06-02,10,76
2022-06-02,11,88
2022-06-02,12,84
2022-06-02,13,88
2022-06-02,14,84
2022-06-02,15,83
2022-06-02,16,94
2022-06-02,17,87
2022-06-02,18,93
2022-06-02,19,88
2022-06-02,20,71
2022-06-02,21,80
2022-06-02,22,79
2022-06-02,23,49
2022-06-03,0,21
2022-06-03,1,21
2022-06-03,2,16
2022-06-03,3,16
2022-06-03,4,12
2022-06-03,5,16
2022-06-03,6,26
2022-06-03,7,62
2022-06-03,8,71
2022-06-03,9,84
2022-06-03,10,83
2022-06-03,11,84
2022-06-03,12,88
2022-06-03,13,80
2022-06-03,14,88
2022-06-03,15,88
2022-06-03,16,96
2022-06-03,17,101
2022-06-03,18,105
2022-06-03,19,80
2022-06-03,20,72
2022-06-03,21,72
2022-06-03,22,77
2022-06-03,23,73
2022-06-04,0,57
2022-06-04,1,35
2022-06-04,2,40
2022-06-04,3,19
2022-06-04,4,10
2022-06-04,5,6
2022-06-04,6,19
2022-06-04,7,43
2022-06-04,8,38
2022-06-04,9,55
2022-06-04,10,52
2022-06-04,11,96
2022-06-04,12,88
2022-06-04,13,80
2022-06-04,14,80
2022-06-04,15,84
2022-06-04,16,88
2022-06-04,17,84
2022-06-04,18,100
2022-06-04,19,92
2022-06-04,20,88
2022-06-04,21,101
2022-06-04,22,96
2022-06-04,23,66
2022-06-05,0,81
2022-06-05,1,50
2022-06-05,2,40
2022-06-05,3,17
2022-06-05,4,8
2022-06-05,5,11
2022-06-05,6,8
2022-06-05,7,25
2022-06-05,8,62
2022-06-05,9,76
2022-06-05,10,87
2022-06-05,11,72
2022-06-05,12,92
2022-06-05,13,88
2022-06-05,14,65
2022-06-05,15,69
2022-06-05,16,49
2022-06-05,17,72
2022-06-05,18,60
2022-06-05,19,56
2022-06-05,20,53
2022-06-05,21,52
2022-06-05,22,44
2022-06-05,23,57
2022-06-06,0,35
2022-06-06,1,16
2022-06-06,2,17
2022-06-06,3,8
2022-06-06,4,12
2022-06-06,5,23
2022-06-06,6,34
2022-06-06,7,70
2022-06-06,8,100
2022-06-06,9,75
2022-06-06,10,80
2022-06-06,11,76
2022-06-06,12,75
2022-06-06,13,71
2022-06-06,14,57
2022-06-06,15,71
2022-06-06,16,71
2022-06-06,17,65
2022-06-06,18,67
2022-06-06,19,52
2022-06-06,20,48
2022-06-06,21,48
2022-06-06,22,36
2022-06-06,23,31
2022-06-07,0,8
2022-06-07,1,12
2022-06-07,2,16
2022-06-07,3,16
2022-06-07,4,16
2022-06-07,5,16
2022-06-07,6,39
2022-06-07,7,88
2022-06-07,8,100
2022-06-07,9,79
2022-06-07,10,72
2022-06-07,11,62
2022-06-07,12,80
2022-06-07,13,84
2022-06-07,14,62
2022-06-07,15,67
2022-06-07,16,70
2022-06-07,17,75
2022-06-07,18,75
2022-06-07,19,57
2022-06-07,20,52
2022-06-07,21,47
2022-06-07,22,43
2022-06-07,23,24
2022-06-08,0,18
2022-06-08,1,16
2022-06-08,2,12
2022-06-08,3,7
2022-06-08,4,12
2022-06-08,5,17
2022-06-08,6,32
2022-06-08,7,91
2022-06-08,8,108
2022-06-08,9,103
2022-06-08,10,87
2022-06-08,11,96
2022-06-08,12,80
2022-06-08,13,75
2022-06-08,14,88
2022-06-08,15,80
2022-06-08,16,84
2022-06-08,17,88
2022-06-08,18,76
2022-06-08,19,61
2022-06-08,20,48
2022-06-08,21,52
2022-06-08,22,50
2022-06-08,23,30
2022-06-09,0,12
2022-06-09,1,9
2022-06-09,2,4
2022-06-09,3,9
2022-06-09,4,12
2022-06-09,5,22
2022-06-09,6,37
2022-06-09,7,80
2022-06-09,8,100
2022-06-09,9,84
2022-06-09,10,84
2022-06-09,11,93
2022-06-09,12,96
2022-06-09,13,88
2022-06-09,14,76
2022-06-09,15,75
2022-06-09,16,93
2022-06-09,17,105
2022-06-09,18,88
2022-06-09,19,84
2022-06-09,20,71
2022-06-09,21,80
2022-06-09,22,66
2022-06-09,23,45
2022-06-10,0,10
2022-06-10,1,16
2022-06-10,2,13
2022-06-10,3,8
2022-06-10,4,8
2022-06-10,5,14
2022-06-10,6,43
2022-06-10,7,71
2022-06-10,8,75
2022-06-10,9,88
2022-06-10,10,84
2022-06-10,11,84
2022-06-10,12,88
2022-06-10,13,84
2022-06-10,14,96
2022-06-10,15,93
2022-06-10,16,123
2022-06-10,17,91
2022-06-10,18,101
2022-06-10,19,92
2022-06-10,20,62
2022-06-10,21,72
2022-06-10,22,60
2022-06-10,23,93
2022-06-11,0,56
2022-06-11,1,41
2022-06-11,2,35
2022-06-11,3,9
2022-06-11,4,11
2022-06-11,5,8
2022-06-11,6,28
2022-06-11,7,45
2022-06-11,8,66
2022-06-11,9,71
2022-06-11,10,80
2022-06-11,11,89
2022-06-11,12,82
2022-06-11,13,116
2022-06-11,14,116
2022-06-11,15,92
2022-06-11,16,111
2022-06-11,17,99
2022-06-11,18,89
2022-06-11,19,93
2022-06-11,20,88
2022-06-11,21,101
2022-06-11,22,101
2022-06-11,23,99
2022-06-12,0,62
2022-06-12,1,51
2022-06-12,2,46
2022-06-12,3,16
2022-06-12,4,7
2022-06-12,5,10
2022-06-12,6,25
2022-06-12,7,35
2022-06-12,8,61
2022-06-12,9,71
2022-06-12,10,96
2022-06-12,11,80
2022-06-12,12,75
2022-06-12,13,79
2022-06-12,14,87
2022-06-12,15,121
2022-06-12,16,62
2022-06-12,17,84
2022-06-12,18,67
2022-06-12,19,67
2022-06-12,20,48
2022-06-12,21,48
2022-06-12,22,40
2022-06-12,23,24
2022-06-13,0,20
2022-06-13,1,16
2022-06-13,2,16
2022-06-13,3,8
2022-06-13,4,15
2022-06-13,5,14
2022-06-13,6,32
2022-06-13,7,78
2022-06-13,8,100
2022-06-13,9,73
2022-06-13,10,77
2022-06-13,11,75
2022-06-13,12,82
2022-06-13,13,66
2022-06-13,14,54
2022-06-13,15,61
2022-06-13,16,67
2022-06-13,17,47
2022-06-13,18,67
2022-06-13,19,52
2022-06-13,20,48
2022-06-13,21,48
2022-06-13,22,36
2022-06-13,23,36
2022-06-14,0,16
2022-06-14,1,12
2022-06-14,2,16
2022-06-14,3,16
2022-06-14,4,16
2022-06-14,5,21
2022-06-14,6,48
2022-06-14,7,84
2022-06-14,8,100
2022-06-14,9,81
2022-06-14,10,72
2022-06-14,11,68
2022-06-14,12,94
2022-06-14,13,55
2022-06-14,14,65
2022-06-14,15,63
2022-06-14,16,76
2022-06-14,17,72
2022-06-14,18,71
2022-06-14,19,48
2022-06-14,20,48
2022-06-14,21,57
2022-06-14,22,49
2022-06-14,23,40
2022-06-15,0,25
2022-06-15,1,16
2022-06-15,2,12
2022-06-15,3,11
2022-06-15,4,9
2022-06-15,5,15
2022-06-15,6,33
2022-06-15,7,73
2022-06-15,8,109
2022-06-15,9,88
2022-06-15,10,90
2022-06-15,11,96
2022-06-15,12,76
2022-06-15,13,76
2022-06-15,14,54
2022-06-15,15,80
2022-06-15,16,92
2022-06-15,17,84
2022-06-15,18,77
2022-06-15,19,66
2022-06-15,20,44
2022-06-15,21,52
2022-06-15,22,44
2022-06-15,23,38
2022-06-16,0,28
2022-06-16,1,14
2022-06-16,2,12
2022-06-16,3,5
2022-06-16,4,16
2022-06-16,5,22
2022-06-16,6,34
2022-06-16,7,76
2022-06-16,8,91
2022-06-16,9,84
2022-06-16,10,87
2022-06-16,11,100
2022-06-16,12,96
2022-06-16,13,92
2022-06-16,14,74
2022-06-16,15,89
2022-06-16,16,105
2022-06-16,17,105
2022-06-16,18,84
2022-06-16,19,61
2022-06-16,20,71
2022-06-16,21,84
2022-06-16,22,79
2022-06-16,23,49
2022-06-17,0,26
2022-06-17,1,16
2022-06-17,2,15
2022-06-17,3,12
2022-06-17,4,13
2022-06-17,5,17
2022-06-17,6,36
2022-06-17,7,91
2022-06-17,8,98
2022-06-17,9,101
2022-06-17,10,92
2022-06-17,11,88
2022-06-17,12,92
2022-06-17,13,83
2022-06-17,14,93
2022-06-17,15,92
2022-06-17,16,102
2022-06-17,17,96
2022-06-17,18,114
2022-06-17,19,88
2022-06-17,20,72
2022-06-17,21,72
2022-06-17,22,81
2022-06-17,23,69
2022-06-18,0,58
2022-06-18,1,28
2022-06-18,2,29
2022-06-18,3,15
2022-06-18,4,12
2022-06-18,5,16
2022-06-18,6,25
2022-06-18,7,45
2022-06-18,8,62
2022-06-18,9,62
2022-06-18,10,74
2022-06-18,11,100
2022-06-18,12,92
2022-06-18,13,104
2022-06-18,14,97
2022-06-18,15,94
2022-06-18,16,82
2022-06-18,17,92
2022-06-18,18,84
2022-06-18,19,82
2022-06-18,20,75
2022-06-18,21,74
2022-06-18,22,87
2022-06-18,23,64
2022-06-19,0,43
2022-06-19,1,46
2022-06-19,2,33
2022-06-19,3,16
2022-06-19,4,7
2022-06-19,5,12
2022-06-19,6,26
2022-06-19,7,44
2022-06-19,8,61
2022-06-19,9,80
2022-06-19,10,88
2022-06-19,11,71
2022-06-19,12,88
2022-06-19,13,92
2022-06-19,14,71
2022-06-19,15,123
2022-06-19,16,66
2022-06-19,17,80
2022-06-19,18,71
2022-06-19,19,62
2022-06-19,20,48
2022-06-19,21,53
2022-06-19,22,31
2022-06-19,23,51
2022-06-20,0,20
2022-06-20,1,16
2022-06-20,2,16
2022-06-20,3,13
2022-06-20,4,6
2022-06-20,5,18
2022-06-20,6,53
2022-06-20,7,79
2022-06-20,8,90
2022-06-20,9,71
2022-06-20,10,80
2022-06-20,11,80
2022-06-20,12,67
2022-06-20,13,66
2022-06-20,14,62
2022-06-20,15,61
2022-06-20,16,67
2022-06-20,17,57
2022-06-20,18,67
2022-06-20,19,57
2022-06-20,20,44
2022-06-20,21,36
2022-06-20,22,35
2022-06-20,23,37
2022-06-21,0,13
2022-06-21,1,11
2022-06-21,2,10
2022-06-21,3,2
2022-06-21,4,12
2022-06-21,5,11
2022-06-21,6,45
2022-06-21,7,83
2022-06-21,8,92
2022-06-21,9,80
2022-06-21,10,62
2022-06-21,11,76
2022-06-21,12,77
2022-06-21,13,75
2022-06-21,14,90
2022-06-21,15,69
2022-06-21,16,76
2022-06-21,17,72
2022-06-21,18,71
2022-06-21,19,52
2022-06-21,20,44
2022-06-21,21,52
2022-06-21,22,40
2022-06-21,23,70
2022-06-22,0,22
2022-06-22,1,15
2022-06-22,2,8
2022-06-22,3,8
2022-06-22,4,12
2022-06-22,5,14
2022-06-22,6,40
2022-06-22,7,91
2022-06-22,8,102
2022-06-22,9,80
2022-06-22,10,92
2022-06-22,11,74
2022-06-22,12,84
2022-06-22,13,72
2022-06-22,14,56
2022-06-22,15,76
2022-06-22,16,84
2022-06-22,17,80
2022-06-22,18,76
2022-06-22,19,50
2022-06-22,20,24
2022-06-22,21,25
2022-06-22,22,44
2022-06-22,23,25
2022-06-23,0,22
2022-06-23,1,16
2022-06-23,2,9
2022-06-23,3,8
2022-06-23,4,5
2022-06-23,5,16
2022-06-23,6,33
2022-06-23,7,76
2022-06-23,8,100
2022-06-23,9,98
2022-06-23,10,84
2022-06-23,11,92
2022-06-23,12,83
2022-06-23,13,80
2022-06-23,14,70
2022-06-23,15,116
2022-06-23,16,100
2022-06-23,17,111
2022-06-23,18,88
2022-06-23,19,84
2022-06-23,20,65
2022-06-23,21,71
2022-06-23,22,74
2022-06-23,23,40
2022-06-24,0,21
2022-06-24,1,16
2022-06-24,2,16
2022-06-24,3,16
2022-06-24,4,12
2022-06-24,5,16
2022-06-24,6,44
2022-06-24,7,83
2022-06-24,8,86
2022-06-24,9,92
2022-06-24,10,88
2022-06-24,11,88
2022-06-24,12,93
2022-06-24,13,102
2022-06-24,14,95
2022-06-24,15,88
2022-06-24,16,100
2022-06-24,17,101
2022-06-24,18,110
2022-06-24,19,88
2022-06-24,20,76
2022-06-24,21,72
2022-06-24,22,73
2022-06-24,23,74
2022-06-25,0,48
2022-06-25,1,27
2022-06-25,2,23
2022-06-25,3,25
2022-06-25,4,7
2022-06-25,5,17
2022-06-25,6,17
2022-06-25,7,41
2022-06-25,8,66
2022-06-25,9,67
2022-06-25,10,76
2022-06-25,11,100
2022-06-25,12,96
2022-06-25,13,96
2022-06-25,14,88
2022-06-25,15,88
2022-06-25,16,88
2022-06-25,17,96
2022-06-25,18,99
2022-06-25,19,82
2022-06-25,20,65
2022-06-25,21,100
2022-06-25,22,109
2022-06-25,23,93
2022-06-26,0,67
2022-06-26,1,37
2022-06-26,2,39
2022-06-26,3,25
2022-06-26,4,10
2022-06-26,5,9
2022-06-26,6,26
2022-06-26,7,43
2022-06-26,8,57
2022-06-26,9,67
2022-06-26,10,84
2022-06-26,11,80
2022-06-26,12,96
2022-06-26,13,79
2022-06-26,14,92
2022-06-26,15,80
2022-06-26,16,56
2022-06-26,17,76
2022-06-26,18,67
2022-06-26,19,57
2022-06-26,20,39
2022-06-26,21,38
2022-06-26,22,40
2022-06-26,23,31
2022-06-27,0,35
2022-06-27,1,16
2022-06-27,2,12
2022-06-27,3,9
2022-06-27,4,18
2022-06-27,5,16
2022-06-27,6,54
2022-06-27,7,95
2022-06-27,8,73
2022-06-27,9,75
2022-06-27,10,76
2022-06-27,11,76
2022-06-27,12,79
2022-06-27,13,67
2022-06-27,14,57
2022-06-27,15,67
2022-06-27,16,71
2022-06-27,17,57
2022-06-27,18,67
2022-06-27,19,52
2022-06-27,20,48
2022-06-27,21,44
2022-06-27,22,36
2022-06-27,23,41
2022-06-28,0,16
2022-06-28,1,16
2022-06-28,2,15
2022-06-28,3,10
2022-06-28,4,6
2022-06-28,5,18
2022-06-28,6,42
2022-06-28,7,97
2022-06-28,8,101
2022-06-28,9,73
2022-06-28,10,81
2022-06-28,11,84
2022-06-28,12,85
2022-06-28,13,76
2022-06-28,14,80
2022-06-28,15,73
2022-06-28,16,86
2022-06-28,17,67
2022-06-28,18,67
2022-06-28,19,57
2022-06-28,20,52
2022-06-28,21,57
2022-06-28,22,43
2022-06-28,23,45
2022-06-29,0,19
2022-06-29,1,14
2022-06-29,2,6
2022-06-29,3,10
2022-06-29,4,9
2022-06-29,5,27
2022-06-29,6,43
2022-06-29,7,99
2022-06-29,8,113
2022-06-29,9,83
2022-06-29,10,86
2022-06-29,11,92
2022-06-29,12,58
2022-06-29,13,82
2022-06-29,14,81
2022-06-29,15,75
2022-06-29,16,113
2022-06-29,17,83
2022-06-29,18,68
2022-06-29,19,48
2022-06-29,20,49
2022-06-29,21,48
2022-06-29,22,51
2022-06-29,23,34
2022-06-30,0,29
2022-06-30,1,9
2022-06-30,2,21
2022-06-30,3,8
2022-06-30,4,12
2022-06-30,5,14
2022-06-30,6,45
2022-06-30,7,96
2022-06-30,8,110
2022-06-30,9,99
2022-06-30,10,98
2022-06-30,11,97
2022-06-30,12,97
2022-06-30,13,96
2022-06-30,14,64
2022-06-30,15,68
2022-06-30,16,85
2022-06-30,17,93
2022-06-30,18,88
2022-06-30,19,84
2022-06-30,20,71
2022-06-30,21,78
2022-06-30,22,70
2022-06-30,23,36
2022-07-01,0,20
2022-07-01,1,16
2022-07-01,2,16
2022-07-01,3,16
2022-07-01,4,8
2022-07-01,5,16
2022-07-01,6,35
2022-07-01,7,84
2022-07-01,8,88
2022-07-01,9,84
2022-07-01,10,84
2022-07-01,11,80
2022-07-01,12,84
2022-07-01,13,80
2022-07-01,14,88
2022-07-01,15,92
2022-07-01,16,100
2022-07-01,17,92
2022-07-01,18,100
2022-07-01,19,88
2022-07-01,20,72
2022-07-01,21,72
2022-07-01,22,71
2022-07-01,23,71
2022-07-02,0,61
2022-07-02,1,36
2022-07-02,2,31
2022-07-02,3,16
2022-07-02,4,12
2022-07-02,5,16
2022-07-02,6,26
2022-07-02,7,44
2022-07-02,8,67
2022-07-02,9,72
2022-07-02,10,84
2022-07-02,11,92
2022-07-02,12,88
2022-07-02,13,96
2022-07-02,14,93
2022-07-02,15,88
2022-07-02,16,92
2022-07-02,17,92
2022-07-02,18,100
2022-07-02,19,96
2022-07-02,20,80
2022-07-02,21,88
2022-07-02,22,96
2022-07-02,23,82
2022-07-03,0,62
2022-07-03,1,48
2022-07-03,2,40
2022-07-03,3,16
2022-07-03,4,16
2022-07-03,5,8
2022-07-03,6,26
2022-07-03,7,35
2022-07-03,8,57
2022-07-03,9,62
2022-07-03,10,84
2022-07-03,11,67
2022-07-03,12,84
2022-07-03,13,88
2022-07-03,14,80
2022-07-03,15,96
2022-07-03,16,52
2022-07-03,17,72
2022-07-03,18,67
2022-07-03,19,58
2022-07-03,20,44
2022-07-03,21,48
2022-07-03,22,40
2022-07-03,23,31
2022-07-04,0,21
2022-07-04,1,16
2022-07-04,2,16
2022-07-04,3,12
2022-07-04,4,16
2022-07-04,5,16
2022-07-04,6,35
2022-07-04,7,75
2022-07-04,8,88
2022-07-04,9,71
2022-07-04,10,80
2022-07-04,11,77
2022-07-04,12,79
2022-07-04,13,71
2022-07-04,14,57
2022-07-04,15,67
2022-07-04,16,72
2022-07-04,17,57
2022-07-04,18,62
2022-07-04,19,52
2022-07-04,20,44
2022-07-04,21,44
2022-07-04,22,36
2022-07-04,23,31
2022-07-05,0,16
2022-07-05,1,16
2022-07-05,2,12
2022-07-05,3,8
2022-07-05,4,16
2022-07-05,5,16
2022-07-05,6,44
2022-07-05,7,84
2022-07-05,8,92
2022-07-05,9,80
2022-07-05,10,0
2022-07-05,11,18
2022-07-05,12,76
2022-07-05,13,80
2022-07-05,14,72
2022-07-05,15,67
2022-07-05,16,79
2022-07-05,17,79
2022-07-05,18,75
2022-07-05,19,47
2022-07-05,20,49
2022-07-05,21,52
2022-07-05,22,48
2022-07-05,23,23
2022-07-06,0,20
2022-07-06,1,13
2022-07-06,2,10
2022-07-06,3,7
2022-07-06,4,7
2022-07-06,5,13
2022-07-06,6,38
2022-07-06,7,88
2022-07-06,8,97
2022-07-06,9,79
2022-07-06,10,87
2022-07-06,11,110
2022-07-06,12,102
2022-07-06,13,96
2022-07-06,14,80
2022-07-06,15,72
2022-07-06,16,78
2022-07-06,17,76
2022-07-06,18,71
2022-07-06,19,57
2022-07-06,20,40
2022-07-06,21,52
2022-07-06,22,44
2022-07-06,23,38
2022-07-07,0,16
2022-07-07,1,10
2022-07-07,2,7
2022-07-07,3,10
2022-07-07,4,11
2022-07-07,5,15
2022-07-07,6,36
2022-07-07,7,76
2022-07-07,8,101
2022-07-07,9,80
2022-07-07,10,84
2022-07-07,11,84
2022-07-07,12,88
2022-07-07,13,84
2022-07-07,14,67
2022-07-07,15,84
2022-07-07,16,88
2022-07-07,17,92
2022-07-07,18,80
2022-07-07,19,80
2022-07-07,20,67
2022-07-07,21,75
2022-07-07,22,73
2022-07-07,23,30
2022-07-08,0,13
2022-07-08,1,17
2022-07-08,2,8
2022-07-08,3,9
2022-07-08,4,10
2022-07-08,5,17
2022-07-08,6,24
2022-07-08,7,87
2022-07-08,8,75
2022-07-08,9,83
2022-07-08,10,96
2022-07-08,11,111
2022-07-08,12,112
2022-07-08,13,99
2022-07-08,14,82
2022-07-08,15,117
2022-07-08,16,99
2022-07-08,17,104
2022-07-08,18,94
2022-07-08,19,86
2022-07-08,20,74
2022-07-08,21,69
2022-07-08,22,89
2022-07-08,23,64
2022-07-09,0,39
2022-07-09,1,46
2022-07-09,2,25
2022-07-09,3,11
2022-07-09,4,12
2022-07-09,5,12
2022-07-09,6,26
2022-07-09,7,35
2022-07-09,8,58
2022-07-09,9,62
2022-07-09,10,76
2022-07-09,11,92
2022-07-09,12,86
2022-07-09,13,84
2022-07-09,14,68
2022-07-09,15,62
2022-07-09,16,74
2022-07-09,17,65
2022-07-09,18,91
2022-07-09,19,71
2022-07-09,20,84
2022-07-09,21,76
2022-07-09,22,85
2022-07-09,23,90
2022-07-10,0,45
2022-07-10,1,41
2022-07-10,2,43
2022-07-10,3,14
2022-07-10,4,13
2022-07-10,5,4
2022-07-10,6,16
2022-07-10,7,35
2022-07-10,8,57
2022-07-10,9,67
2022-07-10,10,80
2022-07-10,11,79
2022-07-10,12,88
2022-07-10,13,84
2022-07-10,14,80
2022-07-10,15,114
2022-07-10,16,52
2022-07-10,17,76
2022-07-10,18,67
2022-07-10,19,57
2022-07-10,20,48
2022-07-10,21,52
2022-07-10,22,48
2022-07-10,23,38
2022-07-11,0,31
2022-07-11,1,9
2022-07-11,2,10
2022-07-11,3,6
2022-07-11,4,8
2022-07-11,5,16
2022-07-11,6,43
2022-07-11,7,83
2022-07-11,8,80
2022-07-11,9,55
2022-07-11,10,82
2022-07-11,11,74
2022-07-11,12,80
2022-07-11,13,71
2022-07-11,14,62
2022-07-11,15,67
2022-07-11,16,76
2022-07-11,17,73
2022-07-11,18,67
2022-07-11,19,52
2022-07-11,20,44
2022-07-11,21,44
2022-07-11,22,36
2022-07-11,23,31
2022-07-12,0,12
2022-07-12,1,16
2022-07-12,2,12
2022-07-12,3,8
2022-07-12,4,16
2022-07-12,5,22
2022-07-12,6,30
2022-07-12,7,80
2022-07-12,8,100
2022-07-12,9,69
2022-07-12,10,72
2022-07-12,11,74
2022-07-12,12,72
2022-07-12,13,76
2022-07-12,14,72
2022-07-12,15,71
2022-07-12,16,79
2022-07-12,17,62
2022-07-12,18,62
2022-07-12,19,48
2022-07-12,20,48
2022-07-12,21,52
2022-07-12,22,40
2022-07-12,23,25
2022-07-13,0,14
2022-07-13,1,11
2022-07-13,2,10
2022-07-13,3,4
2022-07-13,4,9
2022-07-13,5,32
2022-07-13,6,97
2022-07-13,7,169
2022-07-13,8,147
2022-07-13,9,75
2022-07-13,10,84
2022-07-13,11,92
2022-07-13,12,80
2022-07-13,13,76
2022-07-13,14,80
2022-07-13,15,73
2022-07-13,16,84
2022-07-13,17,82
2022-07-13,18,61
2022-07-13,19,39
2022-07-13,20,40
2022-07-13,21,48
2022-07-13,22,40
2022-07-13,23,15
2022-07-14,0,15
2022-07-14,1,6
2022-07-14,2,12
2022-07-14,3,6
2022-07-14,4,12
2022-07-14,5,21
2022-07-14,6,35
2022-07-14,7,89
2022-07-14,8,79
2022-07-14,9,65
2022-07-14,10,69
2022-07-14,11,97
2022-07-14,12,80
2022-07-14,13,85
2022-07-14,14,84
2022-07-14,15,80
2022-07-14,16,103
2022-07-14,17,72
2022-07-14,18,66
2022-07-14,19,44
2022-07-14,20,59
2022-07-14,21,71
2022-07-14,22,62
2022-07-14,23,32
2022-07-15,0,20
2022-07-15,1,10
2022-07-15,2,14
2022-07-15,3,10
2022-07-15,4,6
2022-07-15,5,19
2022-07-15,6,40
2022-07-15,7,81
2022-07-15,8,82
2022-07-15,9,81
2022-07-15,10,90
2022-07-15,11,79
2022-07-15,12,104
2022-07-15,13,88
2022-07-15,14,87
2022-07-15,15,71
2022-07-15,16,79
2022-07-15,17,79
2022-07-15,18,87
2022-07-15,19,69
2022-07-15,20,61
2022-07-15,21,54
2022-07-15,22,74
2022-07-15,23,57
2022-07-16,0,37
2022-07-16,1,34
2022-07-16,2,26
2022-07-16,3,15
2022-07-16,4,7
2022-07-16,5,17
2022-07-16,6,21
2022-07-16,7,45
2022-07-16,8,66
2022-07-16,9,76
2022-07-16,10,76
2022-07-16,11,96
2022-07-16,12,71
2022-07-16,13,92
2022-07-16,14,84
2022-07-16,15,87
2022-07-16,16,104
2022-07-16,17,82
2022-07-16,18,126
2022-07-16,19,92
2022-07-16,20,111
2022-07-16,21,80
2022-07-16,22,85
2022-07-16,23,67
2022-07-17,0,60
2022-07-17,1,51
2022-07-17,2,45
2022-07-17,3,23
2022-07-17,4,13
2022-07-17,5,13
2022-07-17,6,26
2022-07-17,7,35
2022-07-17,8,57
2022-07-17,9,67
2022-07-17,10,84
2022-07-17,11,76
2022-07-17,12,92
2022-07-17,13,84
2022-07-17,14,84
2022-07-17,15,110
2022-07-17,16,52
2022-07-17,17,76
2022-07-17,18,67
2022-07-17,19,62
2022-07-17,20,48
2022-07-17,21,48
2022-07-17,22,34
2022-07-17,23,38
2022-07-18,0,29
2022-07-18,1,16
2022-07-18,2,16
2022-07-18,3,16
2022-07-18,4,17
2022-07-18,5,23
2022-07-18,6,32
2022-07-18,7,74
2022-07-18,8,82
2022-07-18,9,63
2022-07-18,10,68
2022-07-18,11,67
2022-07-18,12,62
2022-07-18,13,49
2022-07-18,14,53
2022-07-18,15,61
2022-07-18,16,82
2022-07-18,17,44
2022-07-18,18,61
2022-07-18,19,57
2022-07-18,20,44
2022-07-18,21,48
2022-07-18,22,36
2022-07-18,23,31
2022-07-19,0,16
2022-07-19,1,16
2022-07-19,2,12
2022-07-19,3,12
2022-07-19,4,12
2022-07-19,5,16
2022-07-19,6,48
2022-07-19,7,84
2022-07-19,8,106
2022-07-19,9,72
2022-07-19,10,72
2022-07-19,11,67
2022-07-19,12,70
2022-07-19,13,68
2022-07-19,14,79
2022-07-19,15,70
2022-07-19,16,79
2022-07-19,17,67
2022-07-19,18,71
2022-07-19,19,44
2022-07-19,20,52
2022-07-19,21,52
2022-07-19,22,34
2022-07-19,23,33
2022-07-20,0,18
2022-07-20,1,9
2022-07-20,2,7
2022-07-20,3,7
2022-07-20,4,4
2022-07-20,5,13
2022-07-20,6,33
2022-07-20,7,80
2022-07-20,8,116
2022-07-20,9,79
2022-07-20,10,86
2022-07-20,11,93
2022-07-20,12,87
2022-07-20,13,78
2022-07-20,14,89
2022-07-20,15,69
2022-07-20,16,87
2022-07-20,17,83
2022-07-20,18,57
2022-07-20,19,57
2022-07-20,20,40
2022-07-20,21,48
2022-07-20,22,44
2022-07-20,23,24
2022-07-21,0,14
2022-07-21,1,8
2022-07-21,2,7
2022-07-21,3,8
2022-07-21,4,11
2022-07-21,5,15
2022-07-21,6,35
2022-07-21,7,84
2022-07-21,8,96
2022-07-21,9,84
2022-07-21,10,80
2022-07-21,11,88
2022-07-21,12,88
2022-07-21,13,82
2022-07-21,14,82
2022-07-21,15,78
2022-07-21,16,84
2022-07-21,17,90
2022-07-21,18,67
2022-07-21,19,52
2022-07-21,20,71
2022-07-21,21,76
2022-07-21,22,65
2022-07-21,23,30
2022-07-22,0,18
2022-07-22,1,18
2022-07-22,2,13
2022-07-22,3,9
2022-07-22,4,8
2022-07-22,5,14
2022-07-22,6,36
2022-07-22,7,81
2022-07-22,8,88
2022-07-22,9,75
2022-07-22,10,63
2022-07-22,11,85
2022-07-22,12,102
2022-07-22,13,78
2022-07-22,14,98
2022-07-22,15,87
2022-07-22,16,90
2022-07-22,17,97
2022-07-22,18,99
2022-07-22,19,66
2022-07-22,20,67
2022-07-22,21,62
2022-07-22,22,67
2022-07-22,23,53
2022-07-23,0,39
2022-07-23,1,27
2022-07-23,2,22
2022-07-23,3,13
2022-07-23,4,12
2022-07-23,5,13
2022-07-23,6,21
2022-07-23,7,40
2022-07-23,8,62
2022-07-23,9,62
2022-07-23,10,76
2022-07-23,11,97
2022-07-23,12,92
2022-07-23,13,100
2022-07-23,14,92
2022-07-23,15,80
2022-07-23,16,88
2022-07-23,17,88
2022-07-23,18,100
2022-07-23,19,92
2022-07-23,20,84
2022-07-23,21,88
2022-07-23,22,81
2022-07-23,23,72
2022-07-24,0,39
2022-07-24,1,43
2022-07-24,2,41
2022-07-24,3,21
2022-07-24,4,4
2022-07-24,5,11
2022-07-24,6,26
2022-07-24,7,35
2022-07-24,8,57
2022-07-24,9,67
2022-07-24,10,88
2022-07-24,11,76
2022-07-24,12,84
2022-07-24,13,84
2022-07-24,14,80
2022-07-24,15,102
2022-07-24,16,57
2022-07-24,17,72
2022-07-24,18,67
2022-07-24,19,62
2022-07-24,20,48
2022-07-24,21,48
2022-07-24,22,36
2022-07-24,23,26
2022-07-25,0,22
2022-07-25,1,7
2022-07-25,2,7
2022-07-25,3,8
2022-07-25,4,6
2022-07-25,5,18
2022-07-25,6,36
2022-07-25,7,101
2022-07-25,8,93
2022-07-25,9,54
2022-07-25,10,76
2022-07-25,11,69
2022-07-25,12,75
2022-07-25,13,71
2022-07-25,14,57
2022-07-25,15,67
2022-07-25,16,77
2022-07-25,17,57
2022-07-25,18,67
2022-07-25,19,52
2022-07-25,20,40
2022-07-25,21,44
2022-07-25,22,36
2022-07-25,23,36
2022-07-26,0,16
2022-07-26,1,16
2022-07-26,2,12
2022-07-26,3,8
2022-07-26,4,12
2022-07-26,5,21
2022-07-26,6,39
2022-07-26,7,93
2022-07-26,8,98
2022-07-26,9,78
2022-07-26,10,90
2022-07-26,11,85
2022-07-26,12,84
2022-07-26,13,84
2022-07-26,14,82
2022-07-26,15,67
2022-07-26,16,79
2022-07-26,17,72
2022-07-26,18,71
2022-07-26,19,52
2022-07-26,20,48
2022-07-26,21,52
2022-07-26,22,43
2022-07-26,23,30
2022-07-27,0,20
2022-07-27,1,8
2022-07-27,2,12
2022-07-27,3,4
2022-07-27,4,4
2022-07-27,5,21
2022-07-27,6,44
2022-07-27,7,105
2022-07-27,8,132
2022-07-27,9,87
2022-07-27,10,88
2022-07-27,11,92
2022-07-27,12,92
2022-07-27,13,84
2022-07-27,14,76
2022-07-27,15,71
2022-07-27,16,109
2022-07-27,17,80
2022-07-27,18,71
2022-07-27,19,57
2022-07-27,20,40
2022-07-27,21,44
2022-07-27,22,44
2022-07-27,23,17
2022-07-28,0,13
2022-07-28,1,12
2022-07-28,2,12
2022-07-28,3,0
2022-07-28,4,4
2022-07-28,5,16
2022-07-28,6,40
2022-07-28,7,84
2022-07-28,8,100
2022-07-28,9,80
2022-07-28,10,80
2022-07-28,11,92
2022-07-28,12,77
2022-07-28,13,94
2022-07-28,14,87
2022-07-28,15,99
2022-07-28,16,109
2022-07-28,17,105
2022-07-28,18,90
2022-07-28,19,67
2022-07-28,20,71
2022-07-28,21,76
2022-07-28,22,65
2022-07-28,23,30
2022-07-29,0,16
2022-07-29,1,16
2022-07-29,2,12
2022-07-29,3,16
2022-07-29,4,8
2022-07-29,5,18
2022-07-29,6,30
2022-07-29,7,79
2022-07-29,8,93
2022-07-29,9,84
2022-07-29,10,84
2022-07-29,11,88
2022-07-29,12,100
2022-07-29,13,80
2022-07-29,14,79
2022-07-29,15,93
2022-07-29,16,104
2022-07-29,17,100
2022-07-29,18,114
2022-07-29,19,80
2022-07-29,20,72
2022-07-29,21,67
2022-07-29,22,69
2022-07-29,23,76
2022-07-30,0,44
2022-07-30,1,22
2022-07-30,2,31
2022-07-30,3,11
2022-07-30,4,15
2022-07-30,5,12
2022-07-30,6,21
2022-07-30,7,49
2022-07-30,8,62
2022-07-30,9,67
2022-07-30,10,82
2022-07-30,11,92
2022-07-30,12,88
2022-07-30,13,96
2022-07-30,14,84
2022-07-30,15,88
2022-07-30,16,92
2022-07-30,17,88
2022-07-30,18,104
2022-07-30,19,88
2022-07-30,20,92
2022-07-30,21,92
2022-07-30,22,98
2022-07-30,23,84
2022-07-31,0,61
2022-07-31,1,49
2022-07-31,2,46
2022-07-31,3,21
2022-07-31,4,8
2022-07-31,5,12
2022-07-31,6,26
2022-07-31,7,35
2022-07-31,8,49
2022-07-31,9,71
2022-07-31,10,95
2022-07-31,11,72
2022-07-31,12,96
2022-07-31,13,84
2022-07-31,14,84
2022-07-31,15,118
2022-07-31,16,62
2022-07-31,17,66
2022-07-31,18,67
2022-07-31,19,62
2022-07-31,20,48
2022-07-31,21,48
2022-07-31,22,36
2022-07-31,23,36
2022-08-01,0,26
2022-08-01,1,16
2022-08-01,2,16
2022-08-01,3,12
2022-08-01,4,8
2022-08-01,5,16
2022-08-01,6,39
2022-08-01,7,79
2022-08-01,8,92
2022-08-01,9,61
2022-08-01,10,73
2022-08-01,11,80
2022-08-01,12,84
2022-08-01,13,89
2022-08-01,14,71
2022-08-01,15,85
2022-08-01,16,72
2022-08-01,17,67
2022-08-01,18,63
2022-08-01,19,52
2022-08-01,20,40
2022-08-01,21,44
2022-08-01,22,35
2022-08-01,23,21
2022-08-02,0,11
2022-08-02,1,16
2022-08-02,2,12
2022-08-02,3,12
2022-08-02,4,16
2022-08-02,5,19
2022-08-02,6,39
2022-08-02,7,98
2022-08-02,8,108
2022-08-02,9,93
2022-08-02,10,84
2022-08-02,11,80
2022-08-02,12,84
2022-08-02,13,84
2022-08-02,14,76
2022-08-02,15,67
2022-08-02,16,79
2022-08-02,17,80
2022-08-02,18,71
2022-08-02,19,53
2022-08-02,20,52
2022-08-02,21,52
2022-08-02,22,39
2022-08-02,23,48
2022-08-03,0,15
2022-08-03,1,9
2022-08-03,2,8
2022-08-03,3,4
2022-08-03,4,4
2022-08-03,5,21
2022-08-03,6,49
2022-08-03,7,94
2022-08-03,8,114
2022-08-03,9,62
2022-08-03,10,88
2022-08-03,11,100
2022-08-03,12,88
2022-08-03,13,92
2022-08-03,14,80
2022-08-03,15,71
2022-08-03,16,88
2022-08-03,17,96
2022-08-03,18,67
2022-08-03,19,57
2022-08-03,20,40
2022-08-03,21,48
2022-08-03,22,44
2022-08-03,23,35
2022-08-04,0,21
2022-08-04,1,8
2022-08-04,2,12
2022-08-04,3,12
2022-08-04,4,8
2022-08-04,5,16
2022-08-04,6,35
2022-08-04,7,80
2022-08-04,8,101
2022-08-04,9,76
2022-08-04,10,88
2022-08-04,11,111
2022-08-04,12,88
2022-08-04,13,80
2022-08-04,14,88
2022-08-04,15,85
2022-08-04,16,133
2022-08-04,17,112
2022-08-04,18,76
2022-08-04,19,71
2022-08-04,20,71
2022-08-04,21,76
2022-08-04,22,66
2022-08-04,23,31
2022-08-05,0,16
2022-08-05,1,16
2022-08-05,2,12
2022-08-05,3,16
2022-08-05,4,4
2022-08-05,5,16
2022-08-05,6,31
2022-08-05,7,84
2022-08-05,8,97
2022-08-05,9,84
2022-08-05,10,84
2022-08-05,11,97
2022-08-05,12,100
2022-08-05,13,92
2022-08-05,14,97
2022-08-05,15,92
2022-08-05,16,105
2022-08-05,17,96
2022-08-05,18,99
2022-08-05,19,84
2022-08-05,20,67
2022-08-05,21,62
2022-08-05,22,71
2022-08-05,23,76
2022-08-06,0,44
2022-08-06,1,36
2022-08-06,2,26
2022-08-06,3,16
2022-08-06,4,12
2022-08-06,5,12
2022-08-06,6,21
2022-08-06,7,45
2022-08-06,8,66
2022-08-06,9,67
2022-08-06,10,80
2022-08-06,11,100
2022-08-06,12,92
2022-08-06,13,89
2022-08-06,14,92
2022-08-06,15,92
2022-08-06,16,92
2022-08-06,17,92
2022-08-06,18,104
2022-08-06,19,88
2022-08-06,20,84
2022-08-06,21,92
2022-08-06,22,100
2022-08-06,23,88
2022-08-07,0,62
2022-08-07,1,44
2022-08-07,2,40
2022-08-07,3,16
2022-08-07,4,12
2022-08-07,5,8
2022-08-07,6,26
2022-08-07,7,35
2022-08-07,8,57
2022-08-07,9,72
2022-08-07,10,88
2022-08-07,11,80
2022-08-07,12,88
2022-08-07,13,88
2022-08-07,14,84
2022-08-07,15,111
2022-08-07,16,67
2022-08-07,17,76
2022-08-07,18,67
2022-08-07,19,62
2022-08-07,20,48
2022-08-07,21,48
2022-08-07,22,36
2022-08-07,23,40
2022-08-08,0,26
2022-08-08,1,16
2022-08-08,2,16
2022-08-08,3,12
2022-08-08,4,12
2022-08-08,5,21
2022-08-08,6,44
2022-08-08,7,83
2022-08-08,8,88
2022-08-08,9,66
2022-08-08,10,76
2022-08-08,11,72
2022-08-08,12,76
2022-08-08,13,71
2022-08-08,14,62
2022-08-08,15,67
2022-08-08,16,73
2022-08-08,17,70
2022-08-08,18,72
2022-08-08,19,50
2022-08-08,20,40
2022-08-08,21,44
2022-08-08,22,36
2022-08-08,23,35
2022-08-09,0,16
2022-08-09,1,16
2022-08-09,2,12
2022-08-09,3,12
2022-08-09,4,12
2022-08-09,5,21
2022-08-09,6,40
2022-08-09,7,84
2022-08-09,8,109
2022-08-09,9,80
2022-08-09,10,76
2022-08-09,11,80
2022-08-09,12,88
2022-08-09,13,76
2022-08-09,14,67
2022-08-09,15,71
2022-08-09,16,84
2022-08-09,17,76
2022-08-09,18,75
2022-08-09,19,52
2022-08-09,20,48
2022-08-09,21,62
2022-08-09,22,48
2022-08-09,23,30
2022-08-10,0,26
2022-08-10,1,12
2022-08-10,2,8
2022-08-10,3,4
2022-08-10,4,4
2022-08-10,5,21
2022-08-10,6,49
2022-08-10,7,93
2022-08-10,8,114
2022-08-10,9,84
2022-08-10,10,88
2022-08-10,11,88
2022-08-10,12,88
2022-08-10,13,80
2022-08-10,14,76
2022-08-10,15,71
2022-08-10,16,95
2022-08-10,17,71
2022-08-10,18,67
2022-08-10,19,57
2022-08-10,20,40
2022-08-10,21,48
2022-08-10,22,44
2022-08-10,23,36
2022-08-11,0,21
2022-08-11,1,12
2022-08-11,2,12
2022-08-11,3,12
2022-08-11,4,25
2022-08-11,5,16
2022-08-11,6,40
2022-08-11,7,88
2022-08-11,8,101
2022-08-11,9,84
2022-08-11,10,83
2022-08-11,11,96
2022-08-11,12,88
2022-08-11,13,88
2022-08-11,14,80
2022-08-11,15,80
2022-08-11,16,92
2022-08-11,17,81
2022-08-11,18,84
2022-08-11,19,71
2022-08-11,20,71
2022-08-11,21,76
2022-08-11,22,75
2022-08-11,23,36
2022-08-12,0,16
2022-08-12,1,16
2022-08-12,2,12
2022-08-12,3,15
2022-08-12,4,9
2022-08-12,5,17
2022-08-12,6,26
2022-08-12,7,71
2022-08-12,8,88
2022-08-12,9,88
2022-08-12,10,76
2022-08-12,11,92
2022-08-12,12,96
2022-08-12,13,92
2022-08-12,14,88
2022-08-12,15,93
2022-08-12,16,95
2022-08-12,17,77
2022-08-12,18,88
2022-08-12,19,85
2022-08-12,20,67
2022-08-12,21,67
2022-08-12,22,71
2022-08-12,23,69
2022-08-13,0,51
2022-08-13,1,33
2022-08-13,2,18
2022-08-13,3,15
2022-08-13,4,9
2022-08-13,5,9
2022-08-13,6,21
2022-08-13,7,44
2022-08-13,8,62
2022-08-13,9,67
2022-08-13,10,76
2022-08-13,11,96
2022-08-13,12,84
2022-08-13,13,88
2022-08-13,14,80
2022-08-13,15,84
2022-08-13,16,92
2022-08-13,17,84
2022-08-13,18,104
2022-08-13,19,80
2022-08-13,20,81
2022-08-13,21,68
2022-08-13,22,103
2022-08-13,23,75
2022-08-14,0,59
2022-08-14,1,40
2022-08-14,2,47
2022-08-14,3,31
2022-08-14,4,10
2022-08-14,5,3
2022-08-14,6,26
2022-08-14,7,35
2022-08-14,8,57
2022-08-14,9,67
2022-08-14,10,84
2022-08-14,11,72
2022-08-14,12,80
2022-08-14,13,84
2022-08-14,14,80
2022-08-14,15,115
2022-08-14,16,62
2022-08-14,17,80
2022-08-14,18,55
2022-08-14,19,61
2022-08-14,20,66
2022-08-14,21,41
2022-08-14,22,40
2022-08-14,23,20
2022-08-15,0,20
2022-08-15,1,12
2022-08-15,2,15
2022-08-15,3,8
2022-08-15,4,10
2022-08-15,5,27
2022-08-15,6,34
2022-08-15,7,85
2022-08-15,8,117
2022-08-15,9,103
2022-08-15,10,82
2022-08-15,11,98
2022-08-15,12,85
2022-08-15,13,71
2022-08-15,14,81
2022-08-15,15,71
2022-08-15,16,67
2022-08-15,17,57
2022-08-15,18,72
2022-08-15,19,52
2022-08-15,20,40
2022-08-15,21,44
2022-08-15,22,36
2022-08-15,23,30
2022-08-16,0,13
2022-08-16,1,14
2022-08-16,2,12
2022-08-16,3,8
2022-08-16,4,12
2022-08-16,5,21
2022-08-16,6,44
2022-08-16,7,85
2022-08-16,8,119
2022-08-16,9,80
2022-08-16,10,80
2022-08-16,11,80
2022-08-16,12,84
2022-08-16,13,93
2022-08-16,14,72
2022-08-16,15,72
2022-08-16,16,89
2022-08-16,17,72
2022-08-16,18,71
2022-08-16,19,57
2022-08-16,20,48
2022-08-16,21,52
2022-08-16,22,40
2022-08-16,23,31
2022-08-17,0,16
2022-08-17,1,12
2022-08-17,2,4
2022-08-17,3,4
2022-08-17,4,4
2022-08-17,5,21
2022-08-17,6,49
2022-08-17,7,101
2022-08-17,8,118
2022-08-17,9,84
2022-08-17,10,91
2022-08-17,11,92
2022-08-17,12,81
2022-08-17,13,80
2022-08-17,14,70
2022-08-17,15,76
2022-08-17,16,84
2022-08-17,17,86
2022-08-17,18,83
2022-08-17,19,63
2022-08-17,20,40
2022-08-17,21,44
2022-08-17,22,44
2022-08-17,23,36
2022-08-18,0,21
2022-08-18,1,8
2022-08-18,2,12
2022-08-18,3,4
2022-08-18,4,4
2022-08-18,5,16
2022-08-18,6,30
2022-08-18,7,80
2022-08-18,8,109
2022-08-18,9,100
2022-08-18,10,91
2022-08-18,11,97
2022-08-18,12,88
2022-08-18,13,88
2022-08-18,14,88
2022-08-18,15,84
2022-08-18,16,104
2022-08-18,17,103
2022-08-18,18,80
2022-08-18,19,71
2022-08-18,20,67
2022-08-18,21,76
2022-08-18,22,66
2022-08-18,23,36
2022-08-19,0,16
2022-08-19,1,16
2022-08-19,2,12
2022-08-19,3,16
2022-08-19,4,8
2022-08-19,5,16
2022-08-19,6,34
2022-08-19,7,84
2022-08-19,8,101
2022-08-19,9,84
2022-08-19,10,84
2022-08-19,11,97
2022-08-19,12,104
2022-08-19,13,88
2022-08-19,14,84
2022-08-19,15,88
2022-08-19,16,100
2022-08-19,17,92
2022-08-19,18,100
2022-08-19,19,84
2022-08-19,20,67
2022-08-19,21,62
2022-08-19,22,71
2022-08-19,23,67
2022-08-20,0,52
2022-08-20,1,45
2022-08-20,2,25
2022-08-20,3,15
2022-08-20,4,6
2022-08-20,5,12
2022-08-20,6,21
2022-08-20,7,44
2022-08-20,8,60
2022-08-20,9,67
2022-08-20,10,80
2022-08-20,11,110
2022-08-20,12,80
2022-08-20,13,95
2022-08-20,14,68
2022-08-20,15,93
2022-08-20,16,92
2022-08-20,17,101
2022-08-20,18,110
2022-08-20,19,92
2022-08-20,20,98
2022-08-20,21,88
2022-08-20,22,88
2022-08-20,23,101
2022-08-21,0,52
2022-08-21,1,44
2022-08-21,2,40
2022-08-21,3,21
2022-08-21,4,12
2022-08-21,5,8
2022-08-21,6,19
2022-08-21,7,33
2022-08-21,8,57
2022-08-21,9,67
2022-08-21,10,92
2022-08-21,11,76
2022-08-21,12,92
2022-08-21,13,92
2022-08-21,14,84
2022-08-21,15,119
2022-08-21,16,57
2022-08-21,17,72
2022-08-21,18,67
2022-08-21,19,62
2022-08-21,20,48
2022-08-21,21,48
2022-08-21,22,40
2022-08-21,23,32
2022-08-22,0,13
2022-08-22,1,8
2022-08-22,2,8
2022-08-22,3,12
2022-08-22,4,13
2022-08-22,5,18
2022-08-22,6,41
2022-08-22,7,75
2022-08-22,8,105
2022-08-22,9,79
2022-08-22,10,76
2022-08-22,11,80
2022-08-22,12,73
2022-08-22,13,77
2022-08-22,14,87
2022-08-22,15,100
2022-08-22,16,103
2022-08-22,17,76
2022-08-22,18,62
2022-08-22,19,47
2022-08-22,20,40
2022-08-22,21,44
2022-08-22,22,36
2022-08-22,23,26
2022-08-23,0,15
2022-08-23,1,10
2022-08-23,2,10
2022-08-23,3,10
2022-08-23,4,7
2022-08-23,5,36
2022-08-23,6,44
2022-08-23,7,75
2022-08-23,8,110
2022-08-23,9,88
2022-08-23,10,84
2022-08-23,11,80
2022-08-23,12,84
2022-08-23,13,84
2022-08-23,14,72
2022-08-23,15,67
2022-08-23,16,75
2022-08-23,17,80
2022-08-23,18,75
2022-08-23,19,50
2022-08-23,20,48
2022-08-23,21,52
2022-08-23,22,53
2022-08-23,23,40
2022-08-24,0,35
2022-08-24,1,17
2022-08-24,2,12
2022-08-24,3,9
2022-08-24,4,9
2022-08-24,5,22
2022-08-24,6,51
2022-08-24,7,92
2022-08-24,8,133
2022-08-24,9,120
2022-08-24,10,84
2022-08-24,11,125
2022-08-24,12,101
2022-08-24,13,99
2022-08-24,14,98
2022-08-24,15,94
2022-08-24,16,104
2022-08-24,17,97
2022-08-24,18,49
2022-08-24,19,46
2022-08-24,20,42
2022-08-24,21,38
2022-08-24,22,48
2022-08-24,23,36
2022-08-25,0,40
2022-08-25,1,13
2022-08-25,2,14
2022-08-25,3,6
2022-08-25,4,13
2022-08-25,5,31
2022-08-25,6,29
2022-08-25,7,80
2022-08-25,8,101
2022-08-25,9,84
2022-08-25,10,88
2022-08-25,11,92
2022-08-25,12,88
2022-08-25,13,84
2022-08-25,14,84
2022-08-25,15,88
2022-08-25,16,88
2022-08-25,17,96
2022-08-25,18,80
2022-08-25,19,64
2022-08-25,20,71
2022-08-25,21,76
2022-08-25,22,66
2022-08-25,23,43
2022-08-26,0,24
2022-08-26,1,16
2022-08-26,2,15
2022-08-26,3,12
2022-08-26,4,16
2022-08-26,5,21
2022-08-26,6,39
2022-08-26,7,82
2022-08-26,8,102
2022-08-26,9,103
2022-08-26,10,84
2022-08-26,11,98
2022-08-26,12,103
2022-08-26,13,99
2022-08-26,14,79
2022-08-26,15,116
2022-08-26,16,100
2022-08-26,17,92
2022-08-26,18,100
2022-08-26,19,88
2022-08-26,20,67
2022-08-26,21,61
2022-08-26,22,72
2022-08-26,23,75
2022-08-27,0,53
2022-08-27,1,31
2022-08-27,2,21
2022-08-27,3,16
2022-08-27,4,8
2022-08-27,5,12
2022-08-27,6,21
2022-08-27,7,49
2022-08-27,8,75
2022-08-27,9,80
2022-08-27,10,92
2022-08-27,11,123
2022-08-27,12,108
2022-08-27,13,140
2022-08-27,14,113
2022-08-27,15,110
2022-08-27,16,107
2022-08-27,17,128
2022-08-27,18,130
2022-08-27,19,136
2022-08-27,20,116
2022-08-27,21,151
2022-08-27,22,115
2022-08-27,23,116
2022-08-28,0,76
2022-08-28,1,51
2022-08-28,2,65
2022-08-28,3,25
2022-08-28,4,16
2022-08-28,5,18
2022-08-28,6,21
2022-08-28,7,40
2022-08-28,8,57
2022-08-28,9,70
2022-08-28,10,70
2022-08-28,11,84
2022-08-28,12,92
2022-08-28,13,100
2022-08-28,14,88
2022-08-28,15,134
2022-08-28,16,72
2022-08-28,17,84
2022-08-28,18,76
2022-08-28,19,62
2022-08-28,20,57
2022-08-28,21,57
2022-08-28,22,45
2022-08-28,23,42
2022-08-29,0,33
2022-08-29,1,29
2022-08-29,2,24
2022-08-29,3,14
2022-08-29,4,16
2022-08-29,5,19
2022-08-29,6,49
2022-08-29,7,104
2022-08-29,8,82
2022-08-29,9,65
2022-08-29,10,70
2022-08-29,11,91
2022-08-29,12,56
2022-08-29,13,65
2022-08-29,14,59
2022-08-29,15,84
2022-08-29,16,54
2022-08-29,17,51
2022-08-29,18,59
2022-08-29,19,44
2022-08-29,20,40
2022-08-29,21,40
2022-08-29,22,36
2022-08-29,23,14
2022-08-30,0,17
2022-08-30,1,3
2022-08-30,2,9
2022-08-30,3,6
2022-08-30,4,14
2022-08-30,5,28
2022-08-30,6,44
2022-08-30,7,105
2022-08-30,8,107
2022-08-30,9,83
2022-08-30,10,69
2022-08-30,11,87
2022-08-30,12,82
2022-08-30,13,67
2022-08-30,14,84
2022-08-30,15,79
2022-08-30,16,81
2022-08-30,17,60
2022-08-30,18,50
2022-08-30,19,51
2022-08-30,20,92
2022-08-30,21,52
2022-08-30,22,44
2022-08-30,23,23
2022-08-31,0,15
2022-08-31,1,9
2022-08-31,2,13
2022-08-31,3,7
2022-08-31,4,6
2022-08-31,5,18
2022-08-31,6,41
2022-08-31,7,99
2022-08-31,8,118
2022-08-31,9,88
2022-08-31,10,92
2022-08-31,11,92
2022-08-31,12,110
2022-08-31,13,97
2022-08-31,14,58
2022-08-31,15,76
2022-08-31,16,88
2022-08-31,17,80
2022-08-31,18,67
2022-08-31,19,57
2022-08-31,20,40
2022-08-31,21,48
2022-08-31,22,44
2022-08-31,23,19
2022-09-01,0,14
2022-09-01,1,13
2022-09-01,2,12
2022-09-01,3,4
2022-09-01,4,8
2022-09-01,5,22
2022-09-01,6,43
2022-09-01,7,95
2022-09-01,8,101
2022-09-01,9,84
2022-09-01,10,85
2022-09-01,11,88
2022-09-01,12,84
2022-09-01,13,84
2022-09-01,14,84
2022-09-01,15,84
2022-09-01,16,99
2022-09-01,17,94
2022-09-01,18,84
2022-09-01,19,67
2022-09-01,20,71
2022-09-01,21,76
2022-09-01,22,66
2022-09-01,23,36
2022-09-02,0,16
2022-09-02,1,16
2022-09-02,2,16
2022-09-02,3,12
2022-09-02,4,8
2022-09-02,5,16
2022-09-02,6,35
2022-09-02,7,75
2022-09-02,8,76
2022-09-02,9,99
2022-09-02,10,85
2022-09-02,11,110
2022-09-02,12,94
2022-09-02,13,92
2022-09-02,14,88
2022-09-02,15,92
2022-09-02,16,96
2022-09-02,17,96
2022-09-02,18,110
2022-09-02,19,88
2022-09-02,20,71
2022-09-02,21,62
2022-09-02,22,70
2022-09-02,23,68
2022-09-03,0,42
2022-09-03,1,51
2022-09-03,2,27
2022-09-03,3,17
2022-09-03,4,8
2022-09-03,5,11
2022-09-03,6,21
2022-09-03,7,35
2022-09-03,8,62
2022-09-03,9,62
2022-09-03,10,76
2022-09-03,11,84
2022-09-03,12,74
2022-09-03,13,89
2022-09-03,14,80
2022-09-03,15,88
2022-09-03,16,84
2022-09-03,17,88
2022-09-03,18,109
2022-09-03,19,95
2022-09-03,20,95
2022-09-03,21,96
2022-09-03,22,91
2022-09-03,23,65
2022-09-04,0,43
2022-09-04,1,40
2022-09-04,2,40
2022-09-04,3,17
2022-09-04,4,7
2022-09-04,5,5
2022-09-04,6,21
2022-09-04,7,40
2022-09-04,8,57
2022-09-04,9,67
2022-09-04,10,88
2022-09-04,11,80
2022-09-04,12,87
2022-09-04,13,85
2022-09-04,14,80
2022-09-04,15,67
2022-09-04,16,59
2022-09-04,17,68
2022-09-04,18,56
2022-09-04,19,52
2022-09-04,20,48
2022-09-04,21,34
2022-09-04,22,40
2022-09-04,23,25
2022-09-05,0,18
2022-09-05,1,7
2022-09-05,2,10
2022-09-05,3,4
2022-09-05,4,13
2022-09-05,5,30
2022-09-05,6,57
2022-09-05,7,80
2022-09-05,8,105
2022-09-05,9,75
2022-09-05,10,72
2022-09-05,11,80
2022-09-05,12,77
2022-09-05,13,68
2022-09-05,14,74
2022-09-05,15,76
2022-09-05,16,72
2022-09-05,17,57
2022-09-05,18,72
2022-09-05,19,52
2022-09-05,20,44
2022-09-05,21,44
2022-09-05,22,35
2022-09-05,23,21
2022-09-06,0,22
2022-09-06,1,4
2022-09-06,2,8
2022-09-06,3,7
2022-09-06,4,11
2022-09-06,5,28
2022-09-06,6,47
2022-09-06,7,73
2022-09-06,8,105
2022-09-06,9,84
2022-09-06,10,76
2022-09-06,11,94
2022-09-06,12,73
2022-09-06,13,75
2022-09-06,14,76
2022-09-06,15,69
2022-09-06,16,84
2022-09-06,17,98
2022-09-06,18,93
2022-09-06,19,36
2022-09-06,20,48
2022-09-06,21,52
2022-09-06,22,43
2022-09-06,23,23
2022-09-07,0,21
2022-09-07,1,6
2022-09-07,2,7
2022-09-07,3,10
2022-09-07,4,14
2022-09-07,5,15
2022-09-07,6,45
2022-09-07,7,76
2022-09-07,8,102
2022-09-07,9,92
2022-09-07,10,92
2022-09-07,11,97
2022-09-07,12,92
2022-09-07,13,88
2022-09-07,14,80
2022-09-07,15,75
2022-09-07,16,84
2022-09-07,17,84
2022-09-07,18,67
2022-09-07,19,53
2022-09-07,20,40
2022-09-07,21,48
2022-09-07,22,48
2022-09-07,23,19
2022-09-08,0,11
2022-09-08,1,4
2022-09-08,2,8
2022-09-08,3,9
2022-09-08,4,7
2022-09-08,5,16
2022-09-08,6,53
2022-09-08,7,86
2022-09-08,8,95
2022-09-08,9,71
2022-09-08,10,80
2022-09-08,11,80
2022-09-08,12,84
2022-09-08,13,84
2022-09-08,14,90
2022-09-08,15,82
2022-09-08,16,101
2022-09-08,17,100
2022-09-08,18,84
2022-09-08,19,76
2022-09-08,20,71
2022-09-08,21,76
2022-09-08,22,75
2022-09-08,23,40
2022-09-09,0,16
2022-09-09,1,16
2022-09-09,2,16
2022-09-09,3,8
2022-09-09,4,8
2022-09-09,5,16
2022-09-09,6,40
2022-09-09,7,76
2022-09-09,8,92
2022-09-09,9,84
2022-09-09,10,76
2022-09-09,11,88
2022-09-09,12,92
2022-09-09,13,92
2022-09-09,14,84
2022-09-09,15,92
2022-09-09,16,100
2022-09-09,17,96
2022-09-09,18,100
2022-09-09,19,88
2022-09-09,20,72
2022-09-09,21,61
2022-09-09,22,67
2022-09-09,23,62
2022-09-10,0,48
2022-09-10,1,31
2022-09-10,2,21
2022-09-10,3,16
2022-09-10,4,8
2022-09-10,5,12
2022-09-10,6,21
2022-09-10,7,38
2022-09-10,8,50
2022-09-10,9,71
2022-09-10,10,76
2022-09-10,11,84
2022-09-10,12,84
2022-09-10,13,96
2022-09-10,14,84
2022-09-10,15,84
2022-09-10,16,92
2022-09-10,17,82
2022-09-10,18,103
2022-09-10,19,88
2022-09-10,20,88
2022-09-10,21,84
2022-09-10,22,99
2022-09-10,23,75
2022-09-11,0,47
2022-09-11,1,45
2022-09-11,2,35
2022-09-11,3,23
2022-09-11,4,14
2022-09-11,5,16
2022-09-11,6,18
2022-09-11,7,39
2022-09-11,8,57
2022-09-11,9,71
2022-09-11,10,80
2022-09-11,11,76
2022-09-11,12,88
2022-09-11,13,88
2022-09-11,14,76
2022-09-11,15,106
2022-09-11,16,62
2022-09-11,17,72
2022-09-11,18,62
2022-09-11,19,57
2022-09-11,20,48
2022-09-11,21,48
2022-09-11,22,42
2022-09-11,23,25
2022-09-12,0,15
2022-09-12,1,12
2022-09-12,2,8
2022-09-12,3,12
2022-09-12,4,15
2022-09-12,5,24
2022-09-12,6,45
2022-09-12,7,78
2022-09-12,8,97
2022-09-12,9,75
2022-09-12,10,76
2022-09-12,11,80
2022-09-12,12,72
2022-09-12,13,72
2022-09-12,14,67
2022-09-12,15,76
2022-09-12,16,72
2022-09-12,17,57
2022-09-12,18,67
2022-09-12,19,52
2022-09-12,20,44
2022-09-12,21,44
2022-09-12,22,36
2022-09-12,23,18
2022-09-13,0,13
2022-09-13,1,13
2022-09-13,2,15
2022-09-13,3,7
2022-09-13,4,8
2022-09-13,5,25
2022-09-13,6,35
2022-09-13,7,80
2022-09-13,8,109
2022-09-13,9,79
2022-09-13,10,76
2022-09-13,11,84
2022-09-13,12,72
2022-09-13,13,73
2022-09-13,14,76
2022-09-13,15,67
2022-09-13,16,88
2022-09-13,17,76
2022-09-13,18,80
2022-09-13,19,48
2022-09-13,20,48
2022-09-13,21,52
2022-09-13,22,44
2022-09-13,23,28
2022-09-14,0,14
2022-09-14,1,19
2022-09-14,2,12
2022-09-14,3,9
2022-09-14,4,13
2022-09-14,5,22
2022-09-14,6,58
2022-09-14,7,83
2022-09-14,8,103
2022-09-14,9,91
2022-09-14,10,88
2022-09-14,11,101
2022-09-14,12,82
2022-09-14,13,84
2022-09-14,14,76
2022-09-14,15,76
2022-09-14,16,92
2022-09-14,17,80
2022-09-14,18,67
2022-09-14,19,57
2022-09-14,20,47
2022-09-14,21,44
2022-09-14,22,37
2022-09-14,23,32
2022-09-15,0,20
2022-09-15,1,12
2022-09-15,2,10
2022-09-15,3,10
2022-09-15,4,7
2022-09-15,5,28
2022-09-15,6,45
2022-09-15,7,79
2022-09-15,8,94
2022-09-15,9,84
2022-09-15,10,80
2022-09-15,11,92
2022-09-15,12,97
2022-09-15,13,77
2022-09-15,14,84
2022-09-15,15,84
2022-09-15,16,96
2022-09-15,17,96
2022-09-15,18,88
2022-09-15,19,61
2022-09-15,20,66
2022-09-15,21,80
2022-09-15,22,59
2022-09-15,23,21
2022-09-16,0,22
2022-09-16,1,17
2022-09-16,2,17
2022-09-16,3,13
2022-09-16,4,20
2022-09-16,5,18
2022-09-16,6,39
2022-09-16,7,84
2022-09-16,8,88
2022-09-16,9,84
2022-09-16,10,76
2022-09-16,11,92
2022-09-16,12,99
2022-09-16,13,101
2022-09-16,14,69
2022-09-16,15,100
2022-09-16,16,94
2022-09-16,17,113
2022-09-16,18,89
2022-09-16,19,85
2022-09-16,20,68
2022-09-16,21,59
2022-09-16,22,75
2022-09-16,23,74
2022-09-17,0,41
2022-09-17,1,36
2022-09-17,2,28
2022-09-17,3,20
2022-09-17,4,8
2022-09-17,5,14
2022-09-17,6,23
2022-09-17,7,40
2022-09-17,8,58
2022-09-17,9,57
2022-09-17,10,76
2022-09-17,11,91
2022-09-17,12,88
2022-09-17,13,100
2022-09-17,14,84
2022-09-17,15,92
2022-09-17,16,94
2022-09-17,17,96
2022-09-17,18,107
2022-09-17,19,88
2022-09-17,20,92
2022-09-17,21,92
2022-09-17,22,76
2022-09-17,23,73
2022-09-18,0,48
2022-09-18,1,40
2022-09-18,2,36
2022-09-18,3,18
2022-09-18,4,9
2022-09-18,5,11
2022-09-18,6,22
2022-09-18,7,35
2022-09-18,8,57
2022-09-18,9,67
2022-09-18,10,92
2022-09-18,11,72
2022-09-18,12,84
2022-09-18,13,84
2022-09-18,14,76
2022-09-18,15,106
2022-09-18,16,52
2022-09-18,17,72
2022-09-18,18,66
2022-09-18,19,62
2022-09-18,20,48
2022-09-18,21,48
2022-09-18,22,42
2022-09-18,23,33
2022-09-19,0,21
2022-09-19,1,11
2022-09-19,2,16
2022-09-19,3,10
2022-09-19,4,10
2022-09-19,5,14
2022-09-19,6,29
2022-09-19,7,67
2022-09-19,8,79
2022-09-19,9,64
2022-09-19,10,52
2022-09-19,11,72
2022-09-19,12,72
2022-09-19,13,67
2022-09-19,14,62
2022-09-19,15,72
2022-09-19,16,67
2022-09-19,17,39
2022-09-19,18,62
2022-09-19,19,52
2022-09-19,20,40
2022-09-19,21,40
2022-09-19,22,36
2022-09-19,23,14
2022-09-20,0,7
2022-09-20,1,4
2022-09-20,2,4
2022-09-20,3,2
2022-09-20,4,14
2022-09-20,5,22
2022-09-20,6,44
2022-09-20,7,77
2022-09-20,8,106
2022-09-20,9,82
2022-09-20,10,79
2022-09-20,11,84
2022-09-20,12,80
2022-09-20,13,76
2022-09-20,14,72
2022-09-20,15,84
2022-09-20,16,112
2022-09-20,17,91
2022-09-20,18,79
2022-09-20,19,55
2022-09-20,20,59
2022-09-20,21,46
2022-09-20,22,36
2022-09-20,23,15
2022-09-21,0,12
2022-09-21,1,10
2022-09-21,2,17
2022-09-21,3,7
2022-09-21,4,17
2022-09-21,5,25
2022-09-21,6,47
2022-09-21,7,87
2022-09-21,8,110
2022-09-21,9,92
2022-09-21,10,84
2022-09-21,11,109
2022-09-21,12,92
2022-09-21,13,84
2022-09-21,14,72
2022-09-21,15,78
2022-09-21,16,86
2022-09-21,17,80
2022-09-21,18,65
2022-09-21,19,62
2022-09-21,20,39
2022-09-21,21,44
2022-09-21,22,44
2022-09-21,23,31
2022-09-22,0,16
2022-09-22,1,12
2022-09-22,2,12
2022-09-22,3,4
2022-09-22,4,8
2022-09-22,5,21
2022-09-22,6,44
2022-09-22,7,84
2022-09-22,8,100
2022-09-22,9,84
2022-09-22,10,88
2022-09-22,11,84
2022-09-22,12,92
2022-09-22,13,84
2022-09-22,14,88
2022-09-22,15,80
2022-09-22,16,100
2022-09-22,17,96
2022-09-22,18,84
2022-09-22,19,72
2022-09-22,20,71
2022-09-22,21,76
2022-09-22,22,70
2022-09-22,23,36
2022-09-23,0,16
2022-09-23,1,16
2022-09-23,2,16
2022-09-23,3,12
2022-09-23,4,12
2022-09-23,5,16
2022-09-23,6,36
2022-09-23,7,80
2022-09-23,8,93
2022-09-23,9,84
2022-09-23,10,75
2022-09-23,11,88
2022-09-23,12,96
2022-09-23,13,97
2022-09-23,14,92
2022-09-23,15,92
2022-09-23,16,96
2022-09-23,17,100
2022-09-23,18,100
2022-09-23,19,76
2022-09-23,20,75
2022-09-23,21,66
2022-09-23,22,67
2022-09-23,23,72
2022-09-24,0,48
2022-09-24,1,40
2022-09-24,2,26
2022-09-24,3,16
2022-09-24,4,12
2022-09-24,5,12
2022-09-24,6,21
2022-09-24,7,35
2022-09-24,8,58
2022-09-24,9,62
2022-09-24,10,68
2022-09-24,11,61
2022-09-24,12,82
2022-09-24,13,95
2022-09-24,14,81
2022-09-24,15,92
2022-09-24,16,92
2022-09-24,17,84
2022-09-24,18,101
2022-09-24,19,93
2022-09-24,20,84
2022-09-24,21,88
2022-09-24,22,104
2022-09-24,23,75
2022-09-25,0,61
2022-09-25,1,40
2022-09-25,2,50
2022-09-25,3,20
2022-09-25,4,8
2022-09-25,5,9
2022-09-25,6,21
2022-09-25,7,35
2022-09-25,8,60
2022-09-25,9,67
2022-09-25,10,88
2022-09-25,11,76
2022-09-25,12,92
2022-09-25,13,66
2022-09-25,14,79
2022-09-25,15,79
2022-09-25,16,73
2022-09-25,17,76
2022-09-25,18,72
2022-09-25,19,58
2022-09-25,20,52
2022-09-25,21,48
2022-09-25,22,44
2022-09-25,23,18
2022-09-26,0,27
2022-09-26,1,11
2022-09-26,2,5
2022-09-26,3,7
2022-09-26,4,11
2022-09-26,5,18
2022-09-26,6,39
2022-09-26,7,80
2022-09-26,8,88
2022-09-26,9,66
2022-09-26,10,67
2022-09-26,11,76
2022-09-26,12,72
2022-09-26,13,67
2022-09-26,14,62
2022-09-26,15,67
2022-09-26,16,72
2022-09-26,17,57
2022-09-26,18,61
2022-09-26,19,52
2022-09-26,20,40
2022-09-26,21,44
2022-09-26,22,36
2022-09-26,23,16
2022-09-27,0,12
2022-09-27,1,4
2022-09-27,2,8
2022-09-27,3,0
2022-09-27,4,16
2022-09-27,5,21
2022-09-27,6,45
2022-09-27,7,80
2022-09-27,8,109
2022-09-27,9,84
2022-09-27,10,79
2022-09-27,11,62
2022-09-27,12,81
2022-09-27,13,75
2022-09-27,14,71
2022-09-27,15,71
2022-09-27,16,88
2022-09-27,17,76
2022-09-27,18,75
2022-09-27,19,52
2022-09-27,20,52
2022-09-27,21,40
2022-09-27,22,43
2022-09-27,23,37
2022-09-28,0,12
2022-09-28,1,10
2022-09-28,2,13
2022-09-28,3,7
2022-09-28,4,9
2022-09-28,5,13
2022-09-28,6,56
2022-09-28,7,83
2022-09-28,8,94
2022-09-28,9,129
2022-09-28,10,90
2022-09-28,11,85
2022-09-28,12,85
2022-09-28,13,73
2022-09-28,14,89
2022-09-28,15,69
2022-09-28,16,86
2022-09-28,17,80
2022-09-28,18,67
2022-09-28,19,59
2022-09-28,20,48
2022-09-28,21,44
2022-09-28,22,40
2022-09-28,23,26
2022-09-29,0,17
2022-09-29,1,10
2022-09-29,2,11
2022-09-29,3,10
2022-09-29,4,8
2022-09-29,5,16
2022-09-29,6,49
2022-09-29,7,83
2022-09-29,8,97
2022-09-29,9,80
2022-09-29,10,76
2022-09-29,11,88
2022-09-29,12,92
2022-09-29,13,88
2022-09-29,14,88
2022-09-29,15,76
2022-09-29,16,98
2022-09-29,17,100
2022-09-29,18,88
2022-09-29,19,67
2022-09-29,20,71
2022-09-29,21,80
2022-09-29,22,66
2022-09-29,23,36
2022-09-30,0,21
2022-09-30,1,16
2022-09-30,2,16
2022-09-30,3,16
2022-09-30,4,12
2022-09-30,5,16
2022-09-30,6,35
2022-09-30,7,84
2022-09-30,8,105
2022-09-30,9,88
2022-09-30,10,88
2022-09-30,11,117
2022-09-30,12,103
2022-09-30,13,100
2022-09-30,14,88
2022-09-30,15,90
2022-09-30,16,97
2022-09-30,17,100
2022-09-30,18,100
2022-09-30,19,92
2022-09-30,20,64
2022-09-30,21,62
2022-09-30,22,89
2022-09-30,23,81
2022-10-01,0,31
2022-10-01,1,31
2022-10-01,2,24
2022-10-01,3,14
2022-10-01,4,15
2022-10-01,5,13
2022-10-01,6,22
2022-10-01,7,40
2022-10-01,8,62
2022-10-01,9,67
2022-10-01,10,80
2022-10-01,11,96
2022-10-01,12,88
2022-10-01,13,104
2022-10-01,14,96
2022-10-01,15,96
2022-10-01,16,101
2022-10-01,17,131
2022-10-01,18,114
2022-10-01,19,117
2022-10-01,20,85
2022-10-01,21,96
2022-10-01,22,91
2022-10-01,23,66
2022-10-02,0,46
2022-10-02,1,35
2022-10-02,2,35
2022-10-02,3,20
2022-10-02,4,15
2022-10-02,5,8
2022-10-02,6,26
2022-10-02,7,48
2022-10-02,8,61
2022-10-02,9,76
2022-10-02,10,96
2022-10-02,11,80
2022-10-02,12,84
2022-10-02,13,84
2022-10-02,14,76
2022-10-02,15,97
2022-10-02,16,72
2022-10-02,17,72
2022-10-02,18,62
2022-10-02,19,57
2022-10-02,20,52
2022-10-02,21,48
2022-10-02,22,44
2022-10-02,23,15
2022-10-03,0,15
2022-10-03,1,8
2022-10-03,2,9
2022-10-03,3,7
2022-10-03,4,17
2022-10-03,5,21
2022-10-03,6,57
2022-10-03,7,84
2022-10-03,8,105
2022-10-03,9,75
2022-10-03,10,72
2022-10-03,11,76
2022-10-03,12,104
2022-10-03,13,104
2022-10-03,14,62
2022-10-03,15,80
2022-10-03,16,76
2022-10-03,17,57
2022-10-03,18,67
2022-10-03,19,52
2022-10-03,20,40
2022-10-03,21,44
2022-10-03,22,36
2022-10-03,23,11
2022-10-04,0,8
2022-10-04,1,14
2022-10-04,2,3
2022-10-04,3,3
2022-10-04,4,3
2022-10-04,5,21
2022-10-04,6,48
2022-10-04,7,96
2022-10-04,8,147
2022-10-04,9,89
2022-10-04,10,88
2022-10-04,11,92
2022-10-04,12,76
2022-10-04,13,76
2022-10-04,14,71
2022-10-04,15,71
2022-10-04,16,89
2022-10-04,17,84
2022-10-04,18,75
2022-10-04,19,48
2022-10-04,20,48
2022-10-04,21,52
2022-10-04,22,40
2022-10-04,23,14
2022-10-05,0,15
2022-10-05,1,12
2022-10-05,2,8
2022-10-05,3,8
2022-10-05,4,9
2022-10-05,5,12
2022-10-05,6,39
2022-10-05,7,95
2022-10-05,8,122
2022-10-05,9,92
2022-10-05,10,88
2022-10-05,11,105
2022-10-05,12,92
2022-10-05,13,92
2022-10-05,14,76
2022-10-05,15,81
2022-10-05,16,96
2022-10-05,17,84
2022-10-05,18,67
2022-10-05,19,57
2022-10-05,20,40
2022-10-05,21,44
2022-10-05,22,44
2022-10-05,23,9
2022-10-06,0,9
2022-10-06,1,9
2022-10-06,2,12
2022-10-06,3,10
2022-10-06,4,7
2022-10-06,5,24
2022-10-06,6,39
2022-10-06,7,88
2022-10-06,8,113
2022-10-06,9,89
2022-10-06,10,68
2022-10-06,11,97
2022-10-06,12,112
2022-10-06,13,91
2022-10-06,14,77
2022-10-06,15,88
2022-10-06,16,112
2022-10-06,17,98
2022-10-06,18,110
2022-10-06,19,63
2022-10-06,20,55
2022-10-06,21,53
2022-10-06,22,52
2022-10-06,23,31
2022-10-07,0,26
2022-10-07,1,16
2022-10-07,2,12
2022-10-07,3,6
2022-10-07,4,15
2022-10-07,5,16
2022-10-07,6,34
2022-10-07,7,83
2022-10-07,8,92
2022-10-07,9,89
2022-10-07,10,95
2022-10-07,11,92
2022-10-07,12,100
2022-10-07,13,96
2022-10-07,14,84
2022-10-07,15,96
2022-10-07,16,92
2022-10-07,17,104
2022-10-07,18,107
2022-10-07,19,94
2022-10-07,20,67
2022-10-07,21,67
2022-10-07,22,88
2022-10-07,23,71
2022-10-08,0,52
2022-10-08,1,47
2022-10-08,2,29
2022-10-08,3,15
2022-10-08,4,9
2022-10-08,5,17
2022-10-08,6,21
2022-10-08,7,35
2022-10-08,8,58
2022-10-08,9,76
2022-10-08,10,80
2022-10-08,11,96
2022-10-08,12,82
2022-10-08,13,94
2022-10-08,14,102
2022-10-08,15,91
2022-10-08,16,112
2022-10-08,17,130
2022-10-08,18,139
2022-10-08,19,88
2022-10-08,20,83
2022-10-08,21,101
2022-10-08,22,96
2022-10-08,23,67
2022-10-09,0,43
2022-10-09,1,32
2022-10-09,2,38
2022-10-09,3,19
2022-10-09,4,13
2022-10-09,5,16
2022-10-09,6,13
2022-10-09,7,35
2022-10-09,8,57
2022-10-09,9,67
2022-10-09,10,88
2022-10-09,11,72
2022-10-09,12,80
2022-10-09,13,91
2022-10-09,14,84
2022-10-09,15,92
2022-10-09,16,57
2022-10-09,17,72
2022-10-09,18,72
2022-10-09,19,48
2022-10-09,20,38
2022-10-09,21,24
2022-10-09,22,35
2022-10-09,23,18
2022-10-10,0,7
2022-10-10,1,7
2022-10-10,2,3
2022-10-10,3,8
2022-10-10,4,10
2022-10-10,5,21
2022-10-10,6,59
2022-10-10,7,88
2022-10-10,8,105
2022-10-10,9,62
2022-10-10,10,88
2022-10-10,11,93
2022-10-10,12,98
2022-10-10,13,91
2022-10-10,14,64
2022-10-10,15,71
2022-10-10,16,75
2022-10-10,17,76
2022-10-10,18,66
2022-10-10,19,52
2022-10-10,20,48
2022-10-10,21,44
2022-10-10,22,41
2022-10-10,23,17
2022-10-11,0,4
2022-10-11,1,7
2022-10-11,2,7
2022-10-11,3,5
2022-10-11,4,8
2022-10-11,5,13
2022-10-11,6,43
2022-10-11,7,92
2022-10-11,8,123
2022-10-11,9,80
2022-10-11,10,80
2022-10-11,11,80
2022-10-11,12,78
2022-10-11,13,95
2022-10-11,14,58
2022-10-11,15,102
2022-10-11,16,93
2022-10-11,17,94
2022-10-11,18,75
2022-10-11,19,48
2022-10-11,20,48
2022-10-11,21,52
2022-10-11,22,44
2022-10-11,23,21
2022-10-12,0,15
2022-10-12,1,12
2022-10-12,2,17
2022-10-12,3,7
2022-10-12,4,4
2022-10-12,5,17
2022-10-12,6,44
2022-10-12,7,88
2022-10-12,8,110
2022-10-12,9,92
2022-10-12,10,88
2022-10-12,11,96
2022-10-12,12,92
2022-10-12,13,85
2022-10-12,14,55
2022-10-12,15,71
2022-10-12,16,104
2022-10-12,17,65
2022-10-12,18,67
2022-10-12,19,57
2022-10-12,20,40
2022-10-12,21,48
2022-10-12,22,44
2022-10-12,23,21
2022-10-13,0,13
2022-10-13,1,13
2022-10-13,2,13
2022-10-13,3,15
2022-10-13,4,10
2022-10-13,5,15
2022-10-13,6,42
2022-10-13,7,77
2022-10-13,8,107
2022-10-13,9,74
2022-10-13,10,76
2022-10-13,11,88
2022-10-13,12,92
2022-10-13,13,63
2022-10-13,14,88
2022-10-13,15,81
2022-10-13,16,106
2022-10-13,17,97
2022-10-13,18,88
2022-10-13,19,56
2022-10-13,20,67
2022-10-13,21,76
2022-10-13,22,66
2022-10-13,23,30
2022-10-14,0,17
2022-10-14,1,23
2022-10-14,2,11
2022-10-14,3,13
2022-10-14,4,14
2022-10-14,5,16
2022-10-14,6,49
2022-10-14,7,82
2022-10-14,8,89
2022-10-14,9,82
2022-10-14,10,84
2022-10-14,11,92
2022-10-14,12,102
2022-10-14,13,100
2022-10-14,14,84
2022-10-14,15,92
2022-10-14,16,97
2022-10-14,17,92
2022-10-14,18,96
2022-10-14,19,81
2022-10-14,20,59
2022-10-14,21,67
2022-10-14,22,80
2022-10-14,23,64
2022-10-15,0,30
2022-10-15,1,41
2022-10-15,2,40
2022-10-15,3,21
2022-10-15,4,8
2022-10-15,5,17
2022-10-15,6,18
2022-10-15,7,35
2022-10-15,8,62
2022-10-15,9,62
2022-10-15,10,71
2022-10-15,11,88
2022-10-15,12,88
2022-10-15,13,92
2022-10-15,14,88
2022-10-15,15,81
2022-10-15,16,86
2022-10-15,17,100
2022-10-15,18,109
2022-10-15,19,96
2022-10-15,20,84
2022-10-15,21,96
2022-10-15,22,99
2022-10-15,23,78
2022-10-16,0,66
2022-10-16,1,48
2022-10-16,2,38
2022-10-16,3,16
2022-10-16,4,6
2022-10-16,5,11
2022-10-16,6,26
2022-10-16,7,35
2022-10-16,8,62
2022-10-16,9,67
2022-10-16,10,88
2022-10-16,11,80
2022-10-16,12,88
2022-10-16,13,80
2022-10-16,14,80
2022-10-16,15,102
2022-10-16,16,57
2022-10-16,17,72
2022-10-16,18,65
2022-10-16,19,52
2022-10-16,20,48
2022-10-16,21,44
2022-10-16,22,36
2022-10-16,23,18
2022-10-17,0,12
2022-10-17,1,8
2022-10-17,2,5
2022-10-17,3,13
2022-10-17,4,10
2022-10-17,5,15
2022-10-17,6,50
2022-10-17,7,88
2022-10-17,8,78
2022-10-17,9,71
2022-10-17,10,79
2022-10-17,11,85
2022-10-17,12,67
2022-10-17,13,82
2022-10-17,14,74
2022-10-17,15,59
2022-10-17,16,87
2022-10-17,17,72
2022-10-17,18,61
2022-10-17,19,52
2022-10-17,20,56
2022-10-17,21,42
2022-10-17,22,36
2022-10-17,23,17
2022-10-18,0,14
2022-10-18,1,4
2022-10-18,2,7
2022-10-18,3,6
2022-10-18,4,7
2022-10-18,5,12
2022-10-18,6,43
2022-10-18,7,99
2022-10-18,8,90
2022-10-18,9,98
2022-10-18,10,67
2022-10-18,11,82
2022-10-18,12,109
2022-10-18,13,88
2022-10-18,14,71
2022-10-18,15,83
2022-10-18,16,87
2022-10-18,17,86
2022-10-18,18,48
2022-10-18,19,43
2022-10-18,20,40
2022-10-18,21,52
2022-10-18,22,44
2022-10-18,23,24
2022-10-19,0,16
2022-10-19,1,11
2022-10-19,2,11
2022-10-19,3,13
2022-10-19,4,9
2022-10-19,5,17
2022-10-19,6,51
2022-10-19,7,106
2022-10-19,8,102
2022-10-19,9,96
2022-10-19,10,72
2022-10-19,11,76
2022-10-19,12,80
2022-10-19,13,67
2022-10-19,14,82
2022-10-19,15,101
2022-10-19,16,88
2022-10-19,17,71
2022-10-19,18,67
2022-10-19,19,57
2022-10-19,20,40
2022-10-19,21,44
2022-10-19,22,34
2022-10-19,23,13
2022-10-20,0,16
2022-10-20,1,9
2022-10-20,2,10
2022-10-20,3,5
2022-10-20,4,4
2022-10-20,5,18
2022-10-20,6,44
2022-10-20,7,76
2022-10-20,8,92
2022-10-20,9,79
2022-10-20,10,80
2022-10-20,11,84
2022-10-20,12,96
2022-10-20,13,88
2022-10-20,14,80
2022-10-20,15,84
2022-10-20,16,105
2022-10-20,17,96
2022-10-20,18,88
2022-10-20,19,62
2022-10-20,20,62
2022-10-20,21,71
2022-10-20,22,66
2022-10-20,23,29
2022-10-21,0,21
2022-10-21,1,17
2022-10-21,2,13
2022-10-21,3,4
2022-10-21,4,9
2022-10-21,5,14
2022-10-21,6,38
2022-10-21,7,90
2022-10-21,8,88
2022-10-21,9,72
2022-10-21,10,86
2022-10-21,11,113
2022-10-21,12,89
2022-10-21,13,94
2022-10-21,14,99
2022-10-21,15,69
2022-10-21,16,116
2022-10-21,17,93
2022-10-21,18,113
2022-10-21,19,84
2022-10-21,20,67
2022-10-21,21,62
2022-10-21,22,89
2022-10-21,23,76
2022-10-22,0,59
2022-10-22,1,27
2022-10-22,2,25
2022-10-22,3,25
2022-10-22,4,10
2022-10-22,5,12
2022-10-22,6,18
2022-10-22,7,35
2022-10-22,8,58
2022-10-22,9,62
2022-10-22,10,76
2022-10-22,11,96
2022-10-22,12,81
2022-10-22,13,110
2022-10-22,14,71
2022-10-22,15,72
2022-10-22,16,116
2022-10-22,17,96
2022-10-22,18,108
2022-10-22,19,96
2022-10-22,20,82
2022-10-22,21,120
2022-10-22,22,128
2022-10-22,23,89
2022-10-23,0,52
2022-10-23,1,45
2022-10-23,2,42
2022-10-23,3,18
2022-10-23,4,11
2022-10-23,5,16
2022-10-23,6,23
2022-10-23,7,35
2022-10-23,8,57
2022-10-23,9,67
2022-10-23,10,88
2022-10-23,11,80
2022-10-23,12,84
2022-10-23,13,88
2022-10-23,14,76
2022-10-23,15,102
2022-10-23,16,62
2022-10-23,17,72
2022-10-23,18,62
2022-10-23,19,52
2022-10-23,20,48
2022-10-23,21,48
2022-10-23,22,36
2022-10-23,23,30
2022-10-24,0,13
2022-10-24,1,12
2022-10-24,2,12
2022-10-24,3,8
2022-10-24,4,7
2022-10-24,5,23
2022-10-24,6,50
2022-10-24,7,101
2022-10-24,8,90
2022-10-24,9,74
2022-10-24,10,75
2022-10-24,11,88
2022-10-24,12,85
2022-10-24,13,65
2022-10-24,14,67
2022-10-24,15,72
2022-10-24,16,115
2022-10-24,17,83
2022-10-24,18,75
2022-10-24,19,52
2022-10-24,20,44
2022-10-24,21,44
2022-10-24,22,36
2022-10-24,23,19
2022-10-25,0,20
2022-10-25,1,7
2022-10-25,2,8
2022-10-25,3,7
2022-10-25,4,4
2022-10-25,5,24
2022-10-25,6,69
2022-10-25,7,88
2022-10-25,8,137
2022-10-25,9,100
2022-10-25,10,89
2022-10-25,11,80
2022-10-25,12,62
2022-10-25,13,76
2022-10-25,14,67
2022-10-25,15,80
2022-10-25,16,92
2022-10-25,17,92
2022-10-25,18,72
2022-10-25,19,48
2022-10-25,20,48
2022-10-25,21,52
2022-10-25,22,39
2022-10-25,23,30
2022-10-26,0,22
2022-10-26,1,13
2022-10-26,2,22
2022-10-26,3,6
2022-10-26,4,8
2022-10-26,5,25
2022-10-26,6,59
2022-10-26,7,80
2022-10-26,8,148
2022-10-26,9,111
2022-10-26,10,81
2022-10-26,11,93
2022-10-26,12,107
2022-10-26,13,91
2022-10-26,14,76
2022-10-26,15,88
2022-10-26,16,104
2022-10-26,17,104
2022-10-26,18,79
2022-10-26,19,59
2022-10-26,20,40
2022-10-26,21,40
2022-10-26,22,43
2022-10-26,23,22
2022-10-27,0,7
2022-10-27,1,16
2022-10-27,2,4
2022-10-27,3,8
2022-10-27,4,9
2022-10-27,5,18
2022-10-27,6,58
2022-10-27,7,107
2022-10-27,8,138
2022-10-27,9,117
2022-10-27,10,102
2022-10-27,11,111
2022-10-27,12,106
2022-10-27,13,112
2022-10-27,14,95
2022-10-27,15,80
2022-10-27,16,101
2022-10-27,17,97
2022-10-27,18,92
2022-10-27,19,62
2022-10-27,20,62
2022-10-27,21,61
2022-10-27,22,57
2022-10-27,23,39
2022-10-28,0,21
2022-10-28,1,10
2022-10-28,2,9
2022-10-28,3,14
2022-10-28,4,12
2022-10-28,5,20
2022-10-28,6,33
2022-10-28,7,100
2022-10-28,8,108
2022-10-28,9,84
2022-10-28,10,87
2022-10-28,11,130
2022-10-28,12,86
2022-10-28,13,90
2022-10-28,14,88
2022-10-28,15,88
2022-10-28,16,72
2022-10-28,17,96
2022-10-28,18,100
2022-10-28,19,145
2022-10-28,20,85
2022-10-28,21,67
2022-10-28,22,100
2022-10-28,23,111
2022-10-29,0,58
2022-10-29,1,59
2022-10-29,2,41
2022-10-29,3,27
2022-10-29,4,16
2022-10-29,5,33
2022-10-29,6,55
2022-10-29,7,73
2022-10-29,8,97
2022-10-29,9,62
2022-10-29,10,109
2022-10-29,11,145
2022-10-29,12,169
2022-10-29,13,202
2022-10-29,14,199
2022-10-29,15,181
2022-10-29,16,172
2022-10-29,17,190
2022-10-29,18,219
2022-10-29,19,164
2022-10-29,20,186
2022-10-29,21,184
2022-10-29,22,175
2022-10-29,23,133
2022-10-30,0,127
2022-10-30,1,60
2022-10-30,2,79
2022-10-30,3,67
2022-10-30,4,44
2022-10-30,5,9
2022-10-30,6,12
2022-10-30,7,21
2022-10-30,8,35
2022-10-30,9,57
2022-10-30,10,67
2022-10-30,11,63
2022-10-30,12,70
2022-10-30,13,84
2022-10-30,14,80
2022-10-30,15,84
2022-10-30,16,102
2022-10-30,17,57
2022-10-30,18,72
2022-10-30,19,62
2022-10-30,20,52
2022-10-30,21,48
2022-10-30,22,44
2022-10-30,23,36
2022-10-31,0,27
2022-10-31,1,19
2022-10-31,2,9
2022-10-31,3,15
2022-10-31,4,11
2022-10-31,5,13
2022-10-31,6,21
2022-10-31,7,44
2022-10-31,8,88
2022-10-31,9,93
2022-10-31,10,80
2022-10-31,11,80
2022-10-31,12,88
2022-10-31,13,80
2022-10-31,14,76
2022-10-31,15,93
2022-10-31,16,72
2022-10-31,17,80
2022-10-31,18,67
2022-10-31,19,72
2022-10-31,20,52
2022-10-31,21,48
2022-10-31,22,44
2022-10-31,23,47
2022-11-01,0,40
2022-11-01,1,26
2022-11-01,2,15
2022-11-01,3,17
2022-11-01,4,17
2022-11-01,5,4
2022-11-01,6,27
2022-11-01,7,44
2022-11-01,8,88
2022-11-01,9,121
2022-11-01,10,116
2022-11-01,11,95
2022-11-01,12,111
2022-11-01,13,98
2022-11-01,14,90
2022-11-01,15,73
2022-11-01,16,92
2022-11-01,17,84
2022-11-01,18,96
2022-11-01,19,77
2022-11-01,20,46
2022-11-01,21,47
2022-11-01,22,40
2022-11-01,23,40
2022-11-02,0,20
2022-11-02,1,18
2022-11-02,2,10
2022-11-02,3,11
2022-11-02,4,6
2022-11-02,5,10
2022-11-02,6,31
2022-11-02,7,48
2022-11-02,8,113
2022-11-02,9,138
2022-11-02,10,127
2022-11-02,11,87
2022-11-02,12,106
2022-11-02,13,106
2022-11-02,14,75
2022-11-02,15,89
2022-11-02,16,81
2022-11-02,17,96
2022-11-02,18,92
2022-11-02,19,86
2022-11-02,20,55
2022-11-02,21,40
2022-11-02,22,52
2022-11-02,23,44
2022-11-03,0,23
2022-11-03,1,25
2022-11-03,2,8
2022-11-03,3,5
2022-11-03,4,4
2022-11-03,5,6
2022-11-03,9,104
2022-11-03,10,88
2022-11-03,11,88
2022-11-03,12,96
2022-11-03,13,96
2022-11-03,14,92
2022-11-03,15,84
2022-11-03,16,80
2022-11-03,17,105
2022-11-03,18,92
2022-11-03,19,84
2022-11-03,20,62
2022-11-03,21,62
2022-11-03,22,71
2022-11-03,23,63
2022-11-04,0,24
2022-11-04,1,21
2022-11-04,2,17
2022-11-04,3,8
2022-11-04,4,10
2022-11-04,5,10
2022-11-04,6,19
2022-11-04,7,46
2022-11-04,8,111
2022-11-04,9,92
2022-11-04,10,88
2022-11-04,11,88
2022-11-04,12,100
2022-11-04,13,92
2022-11-04,14,96
2022-11-04,15,88
2022-11-04,16,92
2022-11-04,17,105
2022-11-04,18,102
2022-11-04,19,137
2022-11-04,20,85
2022-11-04,21,81
2022-11-04,22,76
2022-11-04,23,72
2022-11-05,0,69
2022-11-05,1,49
2022-11-05,2,45
2022-11-05,3,36
2022-11-05,4,30
2022-11-05,5,10
2022-11-05,6,11
2022-11-05,7,17
2022-11-05,8,51
2022-11-05,9,54
2022-11-05,10,79
2022-11-05,11,62
2022-11-05,12,105
2022-11-05,13,97
2022-11-05,14,106
2022-11-05,15,96
2022-11-05,16,75
2022-11-05,17,115
2022-11-05,18,105
2022-11-05,19,117
2022-11-05,20,91
2022-11-05,21,86
2022-11-05,22,89
2022-11-05,23,86
2022-11-06,0,78
2022-11-06,1,61
2022-11-06,2,53
2022-11-06,3,39
2022-11-06,4,25
2022-11-06,5,9
2022-11-06,6,9
2022-11-06,7,12
2022-11-06,8,31
2022-11-06,9,44
2022-11-06,10,48
2022-11-06,11,72
2022-11-06,12,57
2022-11-06,13,67
2022-11-06,14,67
2022-11-06,15,67
2022-11-06,16,83
2022-11-06,17,44
2022-11-06,18,62
2022-11-06,19,52
2022-11-06,20,44
2022-11-06,21,36
2022-11-06,22,36
2022-11-06,23,36
2022-11-07,0,26
2022-11-07,1,10
2022-11-07,2,3
2022-11-07,3,2
2022-11-07,4,8
2022-11-07,5,12
2022-11-07,6,17
2022-11-07,7,45
2022-11-07,8,104
2022-11-07,9,143
2022-11-07,10,111
2022-11-07,11,101
2022-11-07,12,82
2022-11-07,13,81
2022-11-07,14,85
2022-11-07,15,81
2022-11-07,16,68
2022-11-07,17,81
2022-11-07,18,57
2022-11-07,19,57
2022-11-07,20,36
2022-11-07,21,40
2022-11-07,22,31
2022-11-07,23,36
2022-11-08,0,21
2022-11-08,1,11
2022-11-08,2,9
2022-11-08,3,11
2022-11-08,4,5
2022-11-08,5,13
2022-11-08,6,19
2022-11-08,7,43
2022-11-08,8,75
2022-11-08,9,96
2022-11-08,10,76
2022-11-08,11,71
2022-11-08,12,80
2022-11-08,13,93
2022-11-08,14,62
2022-11-08,15,76
2022-11-08,16,87
2022-11-08,17,114
2022-11-08,18,76
2022-11-08,19,67
2022-11-08,20,40
2022-11-08,21,49
2022-11-08,22,36
2022-11-08,23,34
2022-11-09,0,37
2022-11-09,1,18
2022-11-09,2,10
2022-11-09,3,14
2022-11-09,4,5
2022-11-09,5,8
2022-11-09,6,18
2022-11-09,7,58
2022-11-09,8,122
2022-11-09,9,138
2022-11-09,10,104
2022-11-09,11,102
2022-11-09,12,91
2022-11-09,13,103
2022-11-09,14,72
2022-11-09,15,86
2022-11-09,16,73
2022-11-09,17,99
2022-11-09,18,100
2022-11-09,19,61
2022-11-09,20,41
2022-11-09,21,38
2022-11-09,22,48
2022-11-09,23,45
2022-11-10,0,27
2022-11-10,1,9
2022-11-10,2,11
2022-11-10,3,16
2022-11-10,4,11
2022-11-10,5,10
2022-11-10,6,24
2022-11-10,7,51
2022-11-10,8,97
2022-11-10,9,105
2022-11-10,10,93
2022-11-10,11,92
2022-11-10,12,96
2022-11-10,13,99
2022-11-10,14,89
2022-11-10,15,81
2022-11-10,16,69
2022-11-10,17,133
2022-11-10,18,121
2022-11-10,19,88
2022-11-10,20,57
2022-11-10,21,39
2022-11-10,22,62
2022-11-10,23,62
2022-11-11,0,31
2022-11-11,1,23
2022-11-11,2,10
2022-11-11,3,10
2022-11-11,4,12
2022-11-11,5,7
2022-11-11,6,19
2022-11-11,7,40
2022-11-11,8,92
2022-11-11,9,93
2022-11-11,10,84
2022-11-11,11,84
2022-11-11,12,109
2022-11-11,13,96
2022-11-11,14,96
2022-11-11,15,113
2022-11-11,16,101
2022-11-11,17,120
2022-11-11,18,109
2022-11-11,19,159
2022-11-11,20,106
2022-11-11,21,91
2022-11-11,22,77
2022-11-11,23,95
2022-11-12,0,57
2022-11-12,1,36
2022-11-12,2,47
2022-11-12,3,25
2022-11-12,4,23
2022-11-12,5,17
2022-11-12,6,11
2022-11-12,7,27
2022-11-12,8,53
2022-11-12,9,66
2022-11-12,10,67
2022-11-12,11,84
2022-11-12,12,109
2022-11-12,13,92
2022-11-12,14,110
2022-11-12,15,100
2022-11-12,16,92
2022-11-12,17,114
2022-11-12,18,127
2022-11-12,19,116
2022-11-12,20,115
2022-11-12,21,82
2022-11-12,22,109
2022-11-12,23,70
2022-11-13,0,70
2022-11-13,1,69
2022-11-13,2,53
2022-11-13,3,50
2022-11-13,4,30
2022-11-13,5,15
2022-11-13,6,18
2022-11-13,7,13
2022-11-13,8,30
2022-11-13,9,40
2022-11-13,10,52
2022-11-13,11,72
2022-11-13,12,62
2022-11-13,13,67
2022-11-13,14,67
2022-11-13,15,67
2022-11-13,16,79
2022-11-13,17,52
2022-11-13,18,57
2022-11-13,19,52
2022-11-13,20,40
2022-11-13,21,36
2022-11-13,22,36
2022-11-13,23,30
2022-11-14,0,25
2022-11-14,1,6
2022-11-14,2,9
2022-11-14,3,9
2022-11-14,4,12
2022-11-14,5,18
2022-11-14,6,19
2022-11-14,7,43
2022-11-14,8,71
2022-11-14,9,118
2022-11-14,10,57
2022-11-14,11,62
2022-11-14,12,73
2022-11-14,13,113
2022-11-14,14,78
2022-11-14,15,57
2022-11-14,16,52
2022-11-14,17,67
2022-11-14,18,48
2022-11-14,19,52
2022-11-14,20,36
2022-11-14,21,36
2022-11-14,22,31
2022-11-14,23,36
2022-11-15,0,18
2022-11-15,1,8
2022-11-15,2,10
2022-11-15,3,11
2022-11-15,4,6
2022-11-15,5,12
2022-11-15,6,18
2022-11-15,7,62
2022-11-15,8,75
2022-11-15,9,114
2022-11-15,10,114
2022-11-15,11,121
2022-11-15,12,101
2022-11-15,13,104
2022-11-15,14,79
2022-11-15,15,55
2022-11-15,16,82
2022-11-15,17,108
2022-11-15,18,79
2022-11-15,19,75
2022-11-15,20,59
2022-11-15,21,36
2022-11-15,22,36
2022-11-15,23,38
2022-11-16,0,26
2022-11-16,1,21
2022-11-16,2,20
2022-11-16,3,11
2022-11-16,4,12
2022-11-16,5,13
2022-11-16,6,20
2022-11-16,7,43
2022-11-16,8,131
2022-11-16,9,104
2022-11-16,10,83
2022-11-16,11,71
2022-11-16,12,80
2022-11-16,13,80
2022-11-16,14,76
2022-11-16,15,84
2022-11-16,16,85
2022-11-16,17,97
2022-11-16,18,92
2022-11-16,19,71
2022-11-16,20,57
2022-11-16,21,40
2022-11-16,22,44
2022-11-16,23,44
2022-11-17,0,17
2022-11-17,1,11
2022-11-17,2,16
2022-11-17,3,12
2022-11-17,4,10
2022-11-17,5,13
2022-11-17,6,23
2022-11-17,7,44
2022-11-17,8,91
2022-11-17,9,109
2022-11-17,10,88
2022-11-17,11,84
2022-11-17,12,96
2022-11-17,13,100
2022-11-17,14,100
2022-11-17,15,84
2022-11-17,16,84
2022-11-17,17,124
2022-11-17,18,127
2022-11-17,19,115
2022-11-17,20,85
2022-11-17,21,58
2022-11-17,22,51
2022-11-17,23,42
2022-11-18,0,28
2022-11-18,1,23
2022-11-18,2,20
2022-11-18,3,12
2022-11-18,4,6
2022-11-18,5,13
2022-11-18,6,25
2022-11-18,7,50
2022-11-18,8,99
2022-11-18,9,96
2022-11-18,10,98
2022-11-18,11,126
2022-11-18,12,107
2022-11-18,13,104
2022-11-18,14,100
2022-11-18,15,85
2022-11-18,16,119
2022-11-18,17,104
2022-11-18,18,109
2022-11-18,19,119
2022-11-18,20,160
2022-11-18,21,90
2022-11-18,22,67
2022-11-18,23,106
2022-11-19,0,101
2022-11-19,1,67
2022-11-19,2,47
2022-11-19,3,31
2022-11-19,4,16
2022-11-19,5,17
2022-11-19,6,25
2022-11-19,7,47
2022-11-19,8,57
2022-11-19,9,65
2022-11-19,10,100
2022-11-19,11,130
2022-11-19,12,128
2022-11-19,13,118
2022-11-19,14,110
2022-11-19,15,92
2022-11-19,16,84
2022-11-19,17,123
2022-11-19,18,123
2022-11-19,19,128
2022-11-19,20,105
2022-11-19,21,84
2022-11-19,22,97
2022-11-19,23,121
2022-11-20,0,75
2022-11-20,1,70
2022-11-20,2,47
2022-11-20,3,56
2022-11-20,4,33
2022-11-20,5,16
2022-11-20,6,6
2022-11-20,7,12
2022-11-20,8,31
2022-11-20,9,40
2022-11-20,10,48
2022-11-20,11,72
2022-11-20,12,57
2022-11-20,13,67
2022-11-20,14,76
2022-11-20,15,67
2022-11-20,16,79
2022-11-20,17,52
2022-11-20,18,63
2022-11-20,19,50
2022-11-20,20,55
2022-11-20,21,45
2022-11-20,22,42
2022-11-20,23,26
2022-11-21,0,23
2022-11-21,1,20
2022-11-21,2,10
2022-11-21,3,0
2022-11-21,4,0
2022-11-21,5,6
2022-11-21,6,23
2022-11-21,7,58
2022-11-21,8,83
2022-11-21,9,97
2022-11-21,10,67
2022-11-21,11,67
2022-11-21,12,65
2022-11-21,13,72
2022-11-21,14,62
2022-11-21,15,52
2022-11-21,16,57
2022-11-21,17,72
2022-11-21,18,52
2022-11-21,19,52
2022-11-21,20,36
2022-11-21,21,40
2022-11-21,22,36
2022-11-21,23,31
2022-11-22,0,14
2022-11-22,1,11
2022-11-22,2,7
2022-11-22,3,6
2022-11-22,4,3
2022-11-22,5,7
2022-11-22,6,27
2022-11-22,7,54
2022-11-22,8,101
2022-11-22,9,140
2022-11-22,10,106
2022-11-22,11,72
2022-11-22,12,53
2022-11-22,13,94
2022-11-22,14,72
2022-11-22,15,52
2022-11-22,16,66
2022-11-22,17,78
2022-11-22,18,75
2022-11-22,19,62
2022-11-22,20,44
2022-11-22,21,39
2022-11-22,22,36
2022-11-22,23,36
2022-11-23,0,21
2022-11-23,1,12
2022-11-23,2,12
2022-11-23,3,13
2022-11-23,4,5
2022-11-23,5,5
2022-11-23,6,24
2022-11-23,7,43
2022-11-23,8,114
2022-11-23,9,106
2022-11-23,10,92
2022-11-23,11,67
2022-11-23,12,80
2022-11-23,13,84
2022-11-23,14,80
2022-11-23,15,84
2022-11-23,16,89
2022-11-23,17,88
2022-11-23,18,92
2022-11-23,19,70
2022-11-23,20,53
2022-11-23,21,40
2022-11-23,22,37
2022-11-23,23,44
2022-11-24,0,19
2022-11-24,1,8
2022-11-24,2,10
2022-11-24,3,11
2022-11-24,4,9
2022-11-24,5,9
2022-11-24,6,20
2022-11-24,7,40
2022-11-24,8,88
2022-11-24,9,110
2022-11-24,10,93
2022-11-24,11,88
2022-11-24,12,96
2022-11-24,13,96
2022-11-24,14,96
2022-11-24,15,88
2022-11-24,16,80
2022-11-24,17,109
2022-11-24,18,92
2022-11-24,19,92
2022-11-24,20,67
2022-11-24,21,52
2022-11-24,22,70
2022-11-24,23,52
2022-11-25,0,35
2022-11-25,1,19
2022-11-25,2,15
2022-11-25,3,15
2022-11-25,4,13
2022-11-25,5,5
2022-11-25,6,16
2022-11-25,7,44
2022-11-25,8,110
2022-11-25,9,97
2022-11-25,10,101
2022-11-25,11,116
2022-11-25,12,78
2022-11-25,13,110
2022-11-25,14,121
2022-11-25,15,114
2022-11-25,16,116
2022-11-25,17,100
2022-11-25,18,105
2022-11-25,19,124
2022-11-25,20,109
2022-11-25,21,84
2022-11-25,22,72
2022-11-25,23,85
2022-11-26,0,75
2022-11-26,1,59
2022-11-26,2,51
2022-11-26,3,42
2022-11-26,4,23
2022-11-26,5,6
2022-11-26,6,18
2022-11-26,7,31
2022-11-26,8,53
2022-11-26,9,71
2022-11-26,10,75
2022-11-26,11,92
2022-11-26,12,127
2022-11-26,13,112
2022-11-26,14,125
2022-11-26,15,122
2022-11-26,16,87
2022-11-26,17,96
2022-11-26,18,113
2022-11-26,19,139
2022-11-26,20,103
2022-11-26,21,87
2022-11-26,22,95
2022-11-26,23,86
2022-11-27,0,88
2022-11-27,1,73
2022-11-27,2,56
2022-11-27,3,44
2022-11-27,4,27
2022-11-27,5,15
2022-11-27,6,14
2022-11-27,7,12
2022-11-27,8,26
2022-11-27,9,44
2022-11-27,10,57
2022-11-27,11,72
2022-11-27,12,59
2022-11-27,13,74
2022-11-27,14,75
2022-11-27,15,67
2022-11-27,16,79
2022-11-27,17,52
2022-11-27,18,52
2022-11-27,19,52
2022-11-27,20,44
2022-11-27,21,36
2022-11-27,22,36
2022-11-27,23,26
2022-11-28,0,16
2022-11-28,1,4
2022-11-28,2,0
2022-11-28,3,0
2022-11-28,4,0
2022-11-28,5,0
2022-11-28,6,12
2022-11-28,7,42
2022-11-28,8,124
2022-11-28,9,120
2022-11-28,10,105
2022-11-28,11,89
2022-11-28,12,91
2022-11-28,13,67
2022-11-28,14,96
2022-11-28,15,67
2022-11-28,16,64
2022-11-28,17,65
2022-11-28,18,61
2022-11-28,19,52
2022-11-28,20,36
2022-11-28,21,36
2022-11-28,22,27
2022-11-28,23,36
2022-11-29,0,20
2022-11-29,1,17
2022-11-29,2,11
2022-11-29,3,12
2022-11-29,4,8
2022-11-29,5,11
2022-11-29,6,19
2022-11-29,7,39
2022-11-29,8,78
2022-11-29,9,120
2022-11-29,10,121
2022-11-29,11,112
2022-11-29,12,76
2022-11-29,13,136
2022-11-29,14,82
2022-11-29,15,57
2022-11-29,16,83
2022-11-29,17,79
2022-11-29,18,72
2022-11-29,19,62
2022-11-29,20,40
2022-11-29,21,40
2022-11-29,22,36
2022-11-29,23,31
2022-11-30,0,28
2022-11-30,1,16
2022-11-30,2,11
2022-11-30,3,7
2022-11-30,4,11
2022-11-30,5,8
2022-11-30,6,32
2022-11-30,7,37
2022-11-30,8,93
2022-11-30,9,114
2022-11-30,10,84
2022-11-30,11,72
2022-11-30,12,80
2022-11-30,13,76
2022-11-30,14,80
2022-11-30,15,76
2022-11-30,16,89
2022-11-30,17,90
2022-11-30,18,96
2022-11-30,19,71
2022-11-30,20,57
2022-11-30,21,40
2022-11-30,22,40
2022-11-30,23,44
2022-12-01,0,26
2022-12-01,1,24
2022-12-01,2,8
2022-12-01,3,8
2022-12-01,4,12
2022-12-01,5,10
2022-12-01,6,19
2022-12-01,7,47
2022-12-01,8,95
2022-12-01,9,172
2022-12-01,10,93
2022-12-01,11,101
2022-12-01,12,101
2022-12-01,13,96
2022-12-01,14,92
2022-12-01,15,84
2022-12-01,16,80
2022-12-01,17,110
2022-12-01,18,101
2022-12-01,19,92
2022-12-01,20,63
2022-12-01,21,51
2022-12-01,22,72
2022-12-01,23,52
2022-12-02,0,26
2022-12-02,1,21
2022-12-02,2,13
2022-12-02,3,23
2022-12-02,4,11
2022-12-02,5,10
2022-12-02,6,19
2022-12-02,7,53
2022-12-02,8,135
2022-12-02,9,141
2022-12-02,10,93
2022-12-02,11,95
2022-12-02,12,105
2022-12-02,13,99
2022-12-02,14,124
2022-12-02,15,97
2022-12-02,16,96
2022-12-02,17,110
2022-12-02,18,109
2022-12-02,19,141
2022-12-02,20,106
2022-12-02,21,69
2022-12-02,22,72
2022-12-02,23,83
2022-12-03,0,89
2022-12-03,1,58
2022-12-03,2,40
2022-12-03,3,34
2022-12-03,4,33
2022-12-03,5,10
2022-12-03,6,7
2022-12-03,7,27
2022-12-03,8,49
2022-12-03,9,66
2022-12-03,10,80
2022-12-03,11,92
2022-12-03,12,114
2022-12-03,13,106
2022-12-03,14,141
2022-12-03,15,119
2022-12-03,16,113
2022-12-03,17,119
2022-12-03,18,132
2022-12-03,19,136
2022-12-03,20,113
2022-12-03,21,91
2022-12-03,22,95
2022-12-03,23,107
2022-12-04,0,73
2022-12-04,1,52
2022-12-04,2,36
2022-12-04,3,36
2022-12-04,4,16
2022-12-04,5,8
2022-12-04,6,8
2022-12-04,7,12
2022-12-04,8,31
2022-12-04,9,44
2022-12-04,10,53
2022-12-04,11,54
2022-12-04,12,53
2022-12-04,13,69
2022-12-04,14,76
2022-12-04,15,67
2022-12-04,16,83
2022-12-04,17,52
2022-12-04,18,62
2022-12-04,19,52
2022-12-04,20,44
2022-12-04,21,36
2022-12-04,22,36
2022-12-04,23,26
2022-12-05,0,16
2022-12-05,1,8
2022-12-05,2,14
2022-12-05,3,8
2022-12-05,4,8
2022-12-05,5,13
2022-12-05,6,21
2022-12-05,7,48
2022-12-05,8,88
2022-12-05,9,101
2022-12-05,10,76
2022-12-05,11,76
2022-12-05,12,72
2022-12-05,13,72
2022-12-05,14,72
2022-12-05,15,62
2022-12-05,16,64
2022-12-05,17,72
2022-12-05,18,52
2022-12-05,19,52
2022-12-05,20,36
2022-12-05,21,40
2022-12-05,22,31
2022-12-05,23,31
2022-12-06,0,11
2022-12-06,1,10
2022-12-06,2,12
2022-12-06,3,8
2022-12-06,4,5
2022-12-06,5,14
2022-12-06,6,24
2022-12-06,7,44
2022-12-06,8,75
2022-12-06,9,105
2022-12-06,10,92
2022-12-06,11,71
2022-12-06,12,58
2022-12-06,13,102
2022-12-06,14,72
2022-12-06,15,66
2022-12-06,16,71
2022-12-06,17,80
2022-12-06,18,72
2022-12-06,19,52
2022-12-06,20,40
2022-12-06,21,31
2022-12-06,22,36
2022-12-06,23,33
2022-12-07,0,17
2022-12-07,1,13
2022-12-07,2,10
2022-12-07,3,13
2022-12-07,4,6
2022-12-07,5,7
2022-12-07,6,19
2022-12-07,7,49
2022-12-07,8,101
2022-12-07,9,106
2022-12-07,10,101
2022-12-07,11,88
2022-12-07,12,116
2022-12-07,13,107
2022-12-07,14,91
2022-12-07,15,86
2022-12-07,16,87
2022-12-07,17,138
2022-12-07,18,127
2022-12-07,19,100
2022-12-07,20,69
2022-12-07,21,41
2022-12-07,22,57
2022-12-07,23,45
2022-12-08,0,31
2022-12-08,1,18
2022-12-08,2,24
2022-12-08,3,11
2022-12-08,4,6
2022-12-08,5,12
2022-12-08,6,15
2022-12-08,7,48
2022-12-08,8,95
2022-12-08,9,119
2022-12-08,10,91
2022-12-08,11,88
2022-12-08,12,96
2022-12-08,13,96
2022-12-08,14,100
2022-12-08,15,88
2022-12-08,16,78
2022-12-08,17,105
2022-12-08,18,104
2022-12-08,19,96
2022-12-08,20,62
2022-12-08,21,52
2022-12-08,22,72
2022-12-08,23,74
2022-12-09,0,45
2022-12-09,1,32
2022-12-09,2,30
2022-12-09,3,20
2022-12-09,4,10
2022-12-09,5,10
2022-12-09,6,17
2022-12-09,7,53
2022-12-09,8,110
2022-12-09,9,114
2022-12-09,10,92
2022-12-09,11,107
2022-12-09,12,101
2022-12-09,13,105
2022-12-09,14,108
2022-12-09,15,104
2022-12-09,16,92
2022-12-09,17,155
2022-12-09,18,147
2022-12-09,19,176
2022-12-09,20,128
2022-12-09,21,82
2022-12-09,22,105
2022-12-09,23,96
2022-12-10,0,107
2022-12-10,1,72
2022-12-10,2,48
2022-12-10,3,21
2022-12-10,4,21
2022-12-10,5,13
2022-12-10,6,17
2022-12-10,7,33
2022-12-10,8,53
2022-12-10,9,70
2022-12-10,10,80
2022-12-10,11,100
2022-12-10,12,118
2022-12-10,13,110
2022-12-10,14,150
2022-12-10,15,136
2022-12-10,16,136
2022-12-10,17,124
2022-12-10,18,130
2022-12-10,19,138
2022-12-10,20,95
2022-12-10,21,86
2022-12-10,22,102
2022-12-10,23,118
2022-12-11,0,94
2022-12-11,1,74
2022-12-11,2,53
2022-12-11,3,46
2022-12-11,4,27
2022-12-11,5,14
2022-12-11,6,13
2022-12-11,7,11
2022-12-11,8,26
2022-12-11,9,45
2022-12-11,10,52
2022-12-11,11,72
2022-12-11,12,57
2022-12-11,13,80
2022-12-11,14,80
2022-12-11,15,64
2022-12-11,16,78
2022-12-11,17,80
2022-12-11,18,70
2022-12-11,19,79
2022-12-11,20,54
2022-12-11,21,53
2022-12-11,22,36
2022-12-11,23,34
2022-12-12,0,30
2022-12-12,1,25
2022-12-12,2,12
2022-12-12,3,9
2022-12-12,4,12
2022-12-12,5,12
2022-12-12,6,24
2022-12-12,7,43
2022-12-12,8,90
2022-12-12,9,133
2022-12-12,10,118
2022-12-12,11,119
2022-12-12,12,115
2022-12-12,13,111
2022-12-12,14,86
2022-12-12,15,74
2022-12-12,16,97
2022-12-12,17,85
2022-12-12,18,57
2022-12-12,19,57
2022-12-12,20,36
2022-12-12,21,40
2022-12-12,22,36
2022-12-12,23,26
2022-12-13,0,17
2022-12-13,1,13
2022-12-13,2,11
2022-12-13,3,10
2022-12-13,4,2
2022-12-13,5,8
2022-12-13,6,18
2022-12-13,7,38
2022-12-13,8,103
2022-12-13,9,156
2022-12-13,10,123
2022-12-13,11,93
2022-12-13,12,99
2022-12-13,13,109
2022-12-13,14,131
2022-12-13,15,102
2022-12-13,16,98
2022-12-13,17,93
2022-12-13,18,83
2022-12-13,19,107
2022-12-13,20,42
2022-12-13,21,40
2022-12-13,22,36
2022-12-13,23,32
2022-12-14,0,26
2022-12-14,1,20
2022-12-14,2,21
2022-12-14,3,17
2022-12-14,4,16
2022-12-14,5,14
2022-12-14,6,12
2022-12-14,7,35
2022-12-14,8,93
2022-12-14,9,101
2022-12-14,10,96
2022-12-14,11,84
2022-12-14,12,117
2022-12-14,13,115
2022-12-14,14,82
2022-12-14,15,83
2022-12-14,16,107
2022-12-14,17,134
2022-12-14,18,106
2022-12-14,19,80
2022-12-14,20,45
2022-12-14,21,37
2022-12-14,22,48
2022-12-14,23,44
2022-12-15,0,24
2022-12-15,1,20
2022-12-15,2,16
2022-12-15,3,13
2022-12-15,4,8
2022-12-15,5,7
2022-12-15,6,13
2022-12-15,7,44
2022-12-15,8,92
2022-12-15,9,115
2022-12-15,10,97
2022-12-15,11,92
2022-12-15,12,100
2022-12-15,13,100
2022-12-15,14,114
2022-12-15,15,103
2022-12-15,16,94
2022-12-15,17,121
2022-12-15,18,109
2022-12-15,19,102
2022-12-15,20,88
2022-12-15,21,57
2022-12-15,22,72
2022-12-15,23,61
2022-12-16,0,40
2022-12-16,1,32
2022-12-16,2,36
2022-12-16,3,25
2022-12-16,4,15
2022-12-16,5,12
2022-12-16,6,24
2022-12-16,7,55
2022-12-16,8,113
2022-12-16,9,114
2022-12-16,10,92
2022-12-16,11,96
2022-12-16,12,109
2022-12-16,13,100
2022-12-16,14,100
2022-12-16,15,100
2022-12-16,16,128
2022-12-16,17,177
2022-12-16,18,141
2022-12-16,19,161
2022-12-16,20,139
2022-12-16,21,118
2022-12-16,22,94
2022-12-16,23,116
2022-12-17,0,78
2022-12-17,1,63
2022-12-17,2,33
2022-12-17,3,38
2022-12-17,4,30
2022-12-17,5,13
2022-12-17,6,20
2022-12-17,7,26
2022-12-17,8,49
2022-12-17,9,71
2022-12-17,10,80
2022-12-17,11,92
2022-12-17,12,114
2022-12-17,13,121
2022-12-17,14,140
2022-12-17,15,135
2022-12-17,16,137
2022-12-17,17,148
2022-12-17,18,121
2022-12-17,19,155
2022-12-17,20,123
2022-12-17,21,111
2022-12-17,22,112
2022-12-17,23,91
2022-12-18,0,92
2022-12-18,1,62
2022-12-18,2,77
2022-12-18,3,41
2022-12-18,4,34
2022-12-18,5,16
2022-12-18,6,16
2022-12-18,7,14
2022-12-18,8,31
2022-12-18,9,44
2022-12-18,10,48
2022-12-18,11,72
2022-12-18,12,62
2022-12-18,13,72
2022-12-18,14,76
2022-12-18,15,67
2022-12-18,16,70
2022-12-18,17,52
2022-12-18,18,57
2022-12-18,19,52
2022-12-18,20,48
2022-12-18,21,36
2022-12-18,22,36
2022-12-18,23,38
2022-12-19,0,41
2022-12-19,14,88
2022-12-19,15,85
2022-12-19,16,103
2022-12-19,17,115
2022-12-19,18,68
2022-12-19,19,52
2022-12-19,20,35
2022-12-19,21,36
2022-12-19,22,31
2022-12-19,23,36
2022-12-20,0,20
2022-12-20,1,0
2022-12-20,2,0
2022-12-20,3,0
2022-12-20,4,0
2022-12-20,5,11
2022-12-20,6,18
2022-12-20,7,38
2022-12-20,8,91
2022-12-20,9,119
2022-12-20,10,92
2022-12-20,11,100
2022-12-20,12,84
2022-12-20,13,102
2022-12-20,14,111
2022-12-20,15,103
2022-12-20,16,94
2022-12-20,17,124
2022-12-20,18,112
2022-12-20,19,99
2022-12-20,20,57
2022-12-20,21,40
2022-12-20,22,36
2022-12-20,23,48
2022-12-21,0,41
2022-12-21,1,24
2022-12-21,2,18
2022-12-21,3,19
2022-12-21,4,17
2022-12-21,5,10
2022-12-21,6,23
2022-12-21,7,33
2022-12-21,8,93
2022-12-21,9,105
2022-12-21,10,84
2022-12-21,11,80
2022-12-21,12,84
2022-12-21,13,88
2022-12-21,14,88
2022-12-21,15,88
2022-12-21,16,101
2022-12-21,17,105
2022-12-21,18,97
2022-12-21,19,76
2022-12-21,20,53
2022-12-21,21,40
2022-12-21,22,44
2022-12-21,23,41
2022-12-22,0,31
2022-12-22,1,19
2022-12-22,2,11
2022-12-22,3,14
2022-12-22,4,11
2022-12-22,5,11
2022-12-22,6,17
2022-12-22,7,37
2022-12-22,8,83
2022-12-22,9,105
2022-12-22,10,92
2022-12-22,11,84
2022-12-22,12,97
2022-12-22,13,101
2022-12-22,14,104
2022-12-22,15,84
2022-12-22,16,84
2022-12-22,17,105
2022-12-22,18,96
2022-12-22,19,100
2022-12-22,20,71
2022-12-22,21,52
2022-12-22,22,62
2022-12-22,23,61
2022-12-23,0,44
2022-12-23,1,27
2022-12-23,2,26
2022-12-23,3,13
2022-12-23,4,15
2022-12-23,5,17
2022-12-23,6,18
2022-12-23,7,41
2022-12-23,8,93
2022-12-23,9,102
2022-12-23,10,104
2022-12-23,11,111
2022-12-23,12,152
2022-12-23,13,135
2022-12-23,14,130
2022-12-23,15,99
2022-12-23,16,97
2022-12-23,17,124
2022-12-23,18,110
2022-12-23,19,114
2022-12-23,20,101
2022-12-23,21,78
2022-12-23,22,68
2022-12-23,23,68
2022-12-24,0,65
2022-12-24,1,48
2022-12-24,2,30
2022-12-24,3,23
2022-12-24,4,11
2022-12-24,5,11
2022-12-24,6,18
2022-12-24,7,25
2022-12-24,8,49
2022-12-24,9,66
2022-12-24,10,80
2022-12-24,11,88
2022-12-24,12,109
2022-12-24,13,105
2022-12-24,14,119
2022-12-24,15,114
2022-12-24,16,109
2022-12-24,17,114
2022-12-24,18,105
2022-12-24,19,72
2022-12-24,20,37
2022-12-24,21,63
2022-12-24,22,84
2022-12-24,23,80
2022-12-25,0,47
2022-12-25,1,8
2022-12-25,2,9
2022-12-25,3,14
2022-12-25,4,3
2022-12-25,5,4
2022-12-25,6,4
2022-12-25,7,8
2022-12-25,8,31
2022-12-25,9,40
2022-12-25,10,52
2022-12-25,11,72
2022-12-25,12,62
2022-12-25,13,67
2022-12-25,14,71
2022-12-25,15,67
2022-12-25,16,75
2022-12-25,17,52
2022-12-25,18,57
2022-12-25,19,52
2022-12-25,20,44
2022-12-25,21,36
2022-12-25,22,36
2022-12-25,23,26
2022-12-26,0,16
2022-12-26,1,8
2022-12-26,2,4
2022-12-26,3,4
2022-12-26,4,4
2022-12-26,5,0
2022-12-26,6,12
2022-12-26,7,35
2022-12-26,8,79
2022-12-26,9,93
2022-12-26,10,80
2022-12-26,11,76
2022-12-26,12,80
2022-12-26,13,72
2022-12-26,14,72
2022-12-26,15,52
2022-12-26,16,67
2022-12-26,17,72
2022-12-26,18,57
2022-12-26,19,52
2022-12-26,20,35
2022-12-26,21,36
2022-12-26,22,31
2022-12-26,23,31
2022-12-27,0,12
2022-12-27,1,26
2022-12-27,2,13
2022-12-27,3,22
2022-12-27,4,19
2022-12-27,5,3
2022-12-27,6,12
2022-12-27,7,39
2022-12-27,8,80
2022-12-27,9,109
2022-12-27,10,84
2022-12-27,11,72
2022-12-27,12,76
2022-12-27,13,88
2022-12-27,14,76
2022-12-27,15,62
2022-12-27,16,71
2022-12-27,17,80
2022-12-27,18,72
2022-12-27,19,64
2022-12-27,20,40
2022-12-27,21,36
2022-12-27,22,36
2022-12-27,23,36
2022-12-28,0,12
2022-12-28,1,23
2022-12-28,2,20
2022-12-28,3,20
2022-12-28,4,13
2022-12-28,5,13
2022-12-28,6,12
2022-12-28,7,32
2022-12-28,8,65
2022-12-28,9,96
2022-12-28,10,84
2022-12-28,11,68
2022-12-28,12,84
2022-12-28,13,84
2022-12-28,14,76
2022-12-28,15,84
2022-12-28,16,88
2022-12-28,17,105
2022-12-28,18,88
2022-12-28,19,76
2022-12-28,20,53
2022-12-28,21,40
2022-12-28,22,44
2022-12-28,23,44
2022-12-29,0,32
2022-12-29,1,24
2022-12-29,2,18
2022-12-29,3,16
2022-12-29,4,16
2022-12-29,5,11
2022-12-29,6,19
2022-12-29,7,34
2022-12-29,8,78
2022-12-29,9,101
2022-12-29,10,84
2022-12-29,11,84
2022-12-29,12,92
2022-12-29,13,103
2022-12-29,14,101
2022-12-29,15,88
2022-12-29,16,80
2022-12-29,17,100
2022-12-29,18,92
2022-12-29,19,88
2022-12-29,20,72
2022-12-29,21,64
2022-12-29,22,72
2022-12-29,23,65
2022-12-30,0,41
2022-12-30,1,37
2022-12-30,2,20
2022-12-30,3,21
2022-12-30,4,8
2022-12-30,5,8
2022-12-30,6,21
2022-12-30,7,44
2022-12-30,8,97
2022-12-30,9,101
2022-12-30,10,84
2022-12-30,11,92
2022-12-30,12,96
2022-12-30,13,100
2022-12-30,14,104
2022-12-30,15,96
2022-12-30,16,100
2022-12-30,17,121
2022-12-30,18,115
2022-12-30,19,97
2022-12-30,20,73
2022-12-30,21,84
2022-12-30,22,59
2022-12-30,23,84
2022-12-31,0,63
2022-12-31,1,43
2022-12-31,2,23
2022-12-31,3,25
2022-12-31,4,21
2022-12-31,5,12
2022-12-31,6,14
2022-12-31,7,22
2022-12-31,8,49
2022-12-31,9,66
2022-12-31,10,85
2022-12-31,11,88
2022-12-31,12,109
2022-12-31,13,82
2022-12-31,14,80
2022-12-31,15,75
2022-12-31,16,76
2022-12-31,17,109
2022-12-31,18,109
2022-12-31,19,109
2022-12-31,20,88
2022-12-31,21,81
2022-12-31,22,110
2022-12-31,23,78
2023-01-01,0,56
2023-01-01,1,48
2023-01-01,2,49
2023-01-01,3,45
2023-01-01,4,35
2023-01-01,5,21
2023-01-01,6,14
2023-01-01,7,13
2023-01-01,8,31
2023-01-01,9,40
2023-01-01,10,52
2023-01-01,11,72
2023-01-01,12,62
2023-01-01,13,67
2023-01-01,14,71
2023-01-01,15,57
2023-01-01,16,75
2023-01-01,17,48
2023-01-01,18,57
2023-01-01,19,52
2023-01-01,20,44
2023-01-01,21,36
2023-01-01,22,36
2023-01-01,23,26
2023-01-02,0,16
2023-01-02,1,10
2023-01-02,2,7
2023-01-02,3,11
2023-01-02,4,4
2023-01-02,5,8
2023-01-02,6,5
2023-01-02,7,30
2023-01-02,8,75
2023-01-02,9,88
2023-01-02,10,76
2023-01-02,11,76
2023-01-02,12,76
2023-01-02,13,76
2023-01-02,14,72
2023-01-02,15,62
2023-01-02,16,67
2023-01-02,17,72
2023-01-02,18,52
2023-01-02,19,52
2023-01-02,20,36
2023-01-02,21,36
2023-01-02,22,31
2023-01-02,23,31
2023-01-03,0,22
2023-01-03,1,19
2023-01-03,2,14
2023-01-03,3,0
2023-01-03,4,0
2023-01-03,5,5
2023-01-03,6,15
2023-01-03,7,33
2023-01-03,8,76
2023-01-03,9,109
2023-01-03,10,88
2023-01-03,11,72
2023-01-03,12,71
2023-01-03,13,89
2023-01-03,14,72
2023-01-03,15,62
2023-01-03,16,67
2023-01-03,17,80
2023-01-03,18,67
2023-01-03,19,57
2023-01-03,20,40
2023-01-03,21,36
2023-01-03,22,36
2023-01-03,23,32
2023-01-04,0,19
2023-01-04,1,12
2023-01-04,2,8
2023-01-04,3,12
2023-01-04,4,7
2023-01-04,5,4
2023-01-04,6,17
2023-01-04,7,33
2023-01-04,8,92
2023-01-04,9,92
2023-01-04,10,80
2023-01-04,11,67
2023-01-04,12,76
2023-01-04,13,76
2023-01-04,14,72
2023-01-04,15,77
2023-01-04,16,92
2023-01-04,17,100
2023-01-04,18,92
2023-01-04,19,66
2023-01-04,20,53
2023-01-04,21,40
2023-01-04,22,44
2023-01-04,23,50
2023-01-05,0,14
2023-01-05,1,12
2023-01-05,2,8
2023-01-05,3,7
2023-01-05,4,6
2023-01-05,5,6
2023-01-05,6,17
2023-01-05,7,54
2023-01-05,8,105
2023-01-05,9,97
2023-01-05,10,84
2023-01-05,11,84
2023-01-05,12,84
2023-01-05,13,88
2023-01-05,14,96
2023-01-05,15,80
2023-01-05,16,80
2023-01-05,17,101
2023-01-05,18,88
2023-01-05,19,80
2023-01-05,20,67
2023-01-05,21,52
2023-01-05,22,62
2023-01-05,23,62
2023-01-06,0,23
2023-01-06,1,10
2023-01-06,2,10
2023-01-06,3,9
2023-01-06,4,5
2023-01-06,5,12
2023-01-06,6,23
2023-01-06,7,37
2023-01-06,8,89
2023-01-06,9,114
2023-01-06,10,82
2023-01-06,11,65
2023-01-06,12,75
2023-01-06,13,100
2023-01-06,14,100
2023-01-06,15,92
2023-01-06,16,105
2023-01-06,17,124
2023-01-06,18,95
2023-01-06,19,110
2023-01-06,20,86
2023-01-06,21,80
2023-01-06,22,67
2023-01-06,23,73
2023-01-07,0,59
2023-01-07,1,46
2023-01-07,2,25
2023-01-07,3,26
2023-01-07,4,12
2023-01-07,5,2
2023-01-07,6,18
2023-01-07,7,21
2023-01-07,8,49
2023-01-07,9,67
2023-01-07,10,80
2023-01-07,11,88
2023-01-07,12,109
2023-01-07,13,81
2023-01-07,14,81
2023-01-07,15,107
2023-01-07,16,104
2023-01-07,17,123
2023-01-07,18,133
2023-01-07,19,104
2023-01-07,20,88
2023-01-07,21,70
2023-01-07,22,51
2023-01-07,23,91
2023-01-08,0,65
2023-01-08,1,52
2023-01-08,2,55
2023-01-08,3,43
2023-01-08,4,18
2023-01-08,5,10
2023-01-08,6,4
2023-01-08,7,8
2023-01-08,8,31
2023-01-08,9,40
2023-01-08,10,52
2023-01-08,11,67
2023-01-08,12,52
2023-01-08,13,67
2023-01-08,14,71
2023-01-08,15,62
2023-01-08,16,70
2023-01-08,17,48
2023-01-08,18,57
2023-01-08,19,48
2023-01-08,20,44
2023-01-08,21,36
2023-01-08,22,36
2023-01-08,23,26
2023-01-09,0,18
2023-01-09,1,14
2023-01-09,2,10
2023-01-09,3,9
2023-01-09,4,8
2023-01-09,5,8
2023-01-09,6,21
2023-01-09,7,63
2023-01-09,8,109
2023-01-09,9,132
2023-01-09,10,85
2023-01-09,11,75
2023-01-09,12,67
2023-01-09,13,97
2023-01-09,14,67
2023-01-09,15,52
2023-01-09,16,67
2023-01-09,17,72
2023-01-09,18,57
2023-01-09,19,52
2023-01-09,20,36
2023-01-09,21,36
2023-01-09,22,31
2023-01-09,23,36
2023-01-10,0,12
2023-01-10,1,10
2023-01-10,2,9
2023-01-10,3,10
2023-01-10,4,3
2023-01-10,5,5
2023-01-10,6,22
2023-01-10,7,41
2023-01-10,8,71
2023-01-10,9,110
2023-01-10,10,88
2023-01-10,11,80
2023-01-10,12,76
2023-01-10,13,93
2023-01-10,14,76
2023-01-10,15,67
2023-01-10,16,71
2023-01-10,17,84
2023-01-10,18,76
2023-01-10,19,67
2023-01-10,20,40
2023-01-10,21,43
2023-01-10,22,36
2023-01-10,23,31
2023-01-11,0,12
2023-01-11,1,13
2023-01-11,2,16
2023-01-11,3,18
2023-01-11,4,14
2023-01-11,5,6
2023-01-11,6,21
2023-01-11,7,37
2023-01-11,8,88
2023-01-11,9,105
2023-01-11,10,84
2023-01-11,11,67
2023-01-11,12,94
2023-01-11,13,76
2023-01-11,14,80
2023-01-11,15,82
2023-01-11,16,85
2023-01-11,17,105
2023-01-11,18,92
2023-01-11,19,63
2023-01-11,20,46
2023-01-11,21,40
2023-01-11,22,44
2023-01-11,23,44
2023-01-12,0,26
2023-01-12,1,16
2023-01-12,2,16
2023-01-12,3,12
2023-01-12,4,8
2023-01-12,5,4
2023-01-12,6,20
2023-01-12,7,48
2023-01-12,8,88
2023-01-12,9,151
2023-01-12,10,112
2023-01-12,11,93
2023-01-12,12,86
2023-01-12,13,88
2023-01-12,14,90
2023-01-12,15,76
2023-01-12,16,88
2023-01-12,17,110
2023-01-12,18,88
2023-01-12,19,79
2023-01-12,20,62
2023-01-12,21,52
2023-01-12,22,62
2023-01-12,23,35
2023-01-13,0,17
2023-01-13,1,18
2023-01-13,2,13
2023-01-13,3,18
2023-01-13,4,6
2023-01-13,5,13
2023-01-13,6,16
2023-01-13,7,44
2023-01-13,8,105
2023-01-13,9,106
2023-01-13,10,84
2023-01-13,11,88
2023-01-13,12,96
2023-01-13,13,109
2023-01-13,14,100
2023-01-13,15,92
2023-01-13,16,88
2023-01-13,17,119
2023-01-13,18,97
2023-01-13,19,109
2023-01-13,20,96
2023-01-13,21,75
2023-01-13,22,72
2023-01-13,23,79
2023-01-14,0,71
2023-01-14,1,72
2023-01-14,2,37
2023-01-14,3,40
2023-01-14,4,30
2023-01-14,5,16
2023-01-14,6,27
2023-01-14,7,29
2023-01-14,8,90
2023-01-14,9,76
2023-01-14,10,112
2023-01-14,11,134
2023-01-14,12,140
2023-01-14,13,180
2023-01-14,14,120
2023-01-14,15,105
2023-01-14,16,105
2023-01-14,17,119
2023-01-14,18,114
2023-01-14,19,119
2023-01-14,20,96
2023-01-14,21,80
2023-01-14,22,109
2023-01-14,23,142
2023-01-15,0,113
2023-01-15,1,94
2023-01-15,2,69
2023-01-15,3,51
2023-01-15,4,39
2023-01-15,5,22
2023-01-15,6,18
2023-01-15,7,24
2023-01-15,8,28
2023-01-15,9,45
2023-01-15,10,73
2023-01-15,11,106
2023-01-15,12,118
2023-01-15,13,128
2023-01-15,14,115
2023-01-15,15,115
2023-01-15,16,105
2023-01-15,17,104
2023-01-15,18,80
2023-01-15,19,65
2023-01-15,20,44
2023-01-15,21,36
2023-01-15,22,36
2023-01-15,23,26
2023-01-16,0,20
2023-01-16,1,18
2023-01-16,2,3
2023-01-16,3,11
2023-01-16,4,6
2023-01-16,5,6
2023-01-16,6,28
2023-01-16,7,53
2023-01-16,8,111
2023-01-16,9,122
2023-01-16,10,87
2023-01-16,11,71
2023-01-16,12,62
2023-01-16,13,69
2023-01-16,14,69
2023-01-16,15,57
2023-01-16,16,67
2023-01-16,17,72
2023-01-16,18,57
2023-01-16,19,48
2023-01-16,20,36
2023-01-16,21,36
2023-01-16,22,31
2023-01-16,23,26
2023-01-17,0,12
2023-01-17,1,15
2023-01-17,2,9
2023-01-17,3,9
2023-01-17,4,4
2023-01-17,5,9
2023-01-17,6,15
2023-01-17,7,53
2023-01-17,8,84
2023-01-17,9,125
2023-01-17,10,97
2023-01-17,11,75
2023-01-17,12,72
2023-01-17,13,80
2023-01-17,14,76
2023-01-17,15,68
2023-01-17,16,94
2023-01-17,17,87
2023-01-17,18,71
2023-01-17,19,84
2023-01-17,20,45
2023-01-17,21,40
2023-01-17,22,31
2023-01-17,23,32
2023-01-18,0,24
2023-01-18,1,13
2023-01-18,2,15
2023-01-18,3,10
2023-01-18,4,7
2023-01-18,5,7
2023-01-18,6,16
2023-01-18,7,54
2023-01-18,8,119
2023-01-18,9,155
2023-01-18,10,92
2023-01-18,11,75
2023-01-18,12,76
2023-01-18,13,98
2023-01-18,14,72
2023-01-18,15,73
2023-01-18,16,114
2023-01-18,17,88
2023-01-18,18,98
2023-01-18,19,80
2023-01-18,20,66
2023-01-18,21,40
2023-01-18,22,48
2023-01-18,23,44
2023-01-19,0,16
2023-01-19,1,15
2023-01-19,2,17
2023-01-19,3,21
2023-01-19,4,13
2023-01-19,5,9
2023-01-19,6,18
2023-01-19,7,46
2023-01-19,8,97
2023-01-19,9,128
2023-01-19,10,96
2023-01-19,11,91
2023-01-19,12,88
2023-01-19,13,94
2023-01-19,14,83
2023-01-19,15,79
2023-01-19,16,88
2023-01-19,17,106
2023-01-19,18,96
2023-01-19,19,84
2023-01-19,20,67
2023-01-19,21,52
2023-01-19,22,62
2023-01-19,23,76
2023-01-20,0,33
2023-01-20,1,34
2023-01-20,2,16
2023-01-20,3,17
2023-01-20,4,17
2023-01-20,5,5
2023-01-20,6,17
2023-01-20,7,35
2023-01-20,8,93
2023-01-20,9,110
2023-01-20,10,92
2023-01-20,11,80
2023-01-20,12,114
2023-01-20,13,125
2023-01-20,14,114
2023-01-20,15,86
2023-01-20,16,82
2023-01-20,17,88
2023-01-20,18,106
2023-01-20,19,96
2023-01-20,20,74
2023-01-20,21,58
2023-01-20,22,61
2023-01-20,23,65
2023-01-21,0,102
2023-01-21,1,46
2023-01-21,2,44
2023-01-21,3,29
2023-01-21,4,29
2023-01-21,5,14
2023-01-21,6,18
2023-01-21,7,26
2023-01-21,8,58
2023-01-21,9,70
2023-01-21,10,80
2023-01-21,11,96
2023-01-21,12,114
2023-01-21,13,90
2023-01-21,14,78
2023-01-21,15,105
2023-01-21,16,129
2023-01-21,17,114
2023-01-21,18,124
2023-01-21,19,119
2023-01-21,20,92
2023-01-21,21,67
2023-01-21,22,84
2023-01-21,23,97
2023-01-22,0,87
2023-01-22,1,60
2023-01-22,2,40
2023-01-22,3,45
2023-01-22,4,27
2023-01-22,5,11
2023-01-22,6,12
2023-01-22,7,12
2023-01-22,8,26
2023-01-22,9,44
2023-01-22,10,52
2023-01-22,11,72
2023-01-22,12,72
2023-01-22,13,90
2023-01-22,14,80
2023-01-22,15,93
2023-01-22,16,73
2023-01-22,17,74
2023-01-22,18,90
2023-01-22,19,55
2023-01-22,20,62
2023-01-22,21,32
2023-01-22,22,36
2023-01-22,23,26
2023-01-23,0,27
2023-01-23,1,13
2023-01-23,2,8
2023-01-23,3,13
2023-01-23,4,6
2023-01-23,5,11
2023-01-23,6,20
2023-01-23,7,63
2023-01-23,8,94
2023-01-23,9,134
2023-01-23,10,83
2023-01-23,11,61
2023-01-23,12,60
2023-01-23,13,76
2023-01-23,14,67
2023-01-23,15,52
2023-01-23,16,71
2023-01-23,17,72
2023-01-23,18,57
2023-01-23,19,52
2023-01-23,20,36
2023-01-23,21,36
2023-01-23,22,31
2023-01-23,23,31
2023-01-24,0,14
2023-01-24,1,20
2023-01-24,2,7
2023-01-24,3,8
2023-01-24,4,4
2023-01-24,5,6
2023-01-24,6,20
2023-01-24,7,46
2023-01-24,8,95
2023-01-24,9,136
2023-01-24,10,94
2023-01-24,11,68
2023-01-24,12,88
2023-01-24,13,93
2023-01-24,14,70
2023-01-24,15,81
2023-01-24,16,78
2023-01-24,17,95
2023-01-24,18,108
2023-01-24,19,70
2023-01-24,20,43
2023-01-24,21,31
2023-01-24,22,36
2023-01-24,23,39
2023-01-25,0,25
2023-01-25,1,17
2023-01-25,2,9
2023-01-25,3,8
2023-01-25,4,10
2023-01-25,5,10
2023-01-25,6,16
2023-01-25,7,28
2023-01-25,8,93
2023-01-25,9,118
2023-01-25,10,84
2023-01-25,11,71
2023-01-25,12,80
2023-01-25,13,76
2023-01-25,14,80
2023-01-25,15,75
2023-01-25,16,72
2023-01-25,17,100
2023-01-25,18,94
2023-01-25,19,84
2023-01-25,20,41
2023-01-25,21,35
2023-01-25,22,44
2023-01-25,23,44
2023-01-26,0,21
2023-01-26,1,17
2023-01-26,2,13
2023-01-26,3,16
2023-01-26,4,8
2023-01-26,5,4
2023-01-26,6,25
2023-01-26,7,55
2023-01-26,8,88
2023-01-26,9,128
2023-01-26,10,96
2023-01-26,11,84
2023-01-26,12,100
2023-01-26,13,92
2023-01-26,14,92
2023-01-26,15,84
2023-01-26,16,84
2023-01-26,17,110
2023-01-26,18,105
2023-01-26,19,91
2023-01-26,20,67
2023-01-26,21,52
2023-01-26,22,62
2023-01-26,23,60
2023-01-27,0,26
2023-01-27,1,17
2023-01-27,2,24
2023-01-27,3,12
2023-01-27,4,10
2023-01-27,5,12
2023-01-27,6,20
2023-01-27,7,47
2023-01-27,8,85
2023-01-27,9,127
2023-01-27,10,91
2023-01-27,11,94
2023-01-27,12,125
2023-01-27,13,99
2023-01-27,14,125
2023-01-27,15,103
2023-01-27,16,115
2023-01-27,17,132
2023-01-27,18,126
2023-01-27,19,140
2023-01-27,20,135
2023-01-27,21,108
2023-01-27,22,72
2023-01-27,23,83
2023-01-28,0,60
2023-01-28,1,46
2023-01-28,2,48
2023-01-28,3,35
2023-01-28,4,28
2023-01-28,5,9
2023-01-28,6,22
2023-01-28,7,46
2023-01-28,8,86
2023-01-28,9,98
2023-01-28,10,110
2023-01-28,11,123
2023-01-28,12,147
2023-01-28,13,169
2023-01-28,14,157
2023-01-28,15,176
2023-01-28,16,160
2023-01-28,17,172
2023-01-28,18,203
2023-01-28,19,129
2023-01-28,20,92
2023-01-28,21,76
2023-01-28,22,80
2023-01-28,23,108
2023-01-29,0,78
2023-01-29,1,58
2023-01-29,2,47
2023-01-29,3,40
2023-01-29,4,30
2023-01-29,5,21
2023-01-29,6,22
2023-01-29,7,30
2023-01-29,8,37
2023-01-29,9,44
2023-01-29,10,84
2023-01-29,11,95
2023-01-29,12,128
2023-01-29,13,151
2023-01-29,14,165
2023-01-29,15,143
2023-01-29,16,157
2023-01-29,17,140
2023-01-29,18,129
2023-01-29,19,157
2023-01-29,20,52
2023-01-29,21,36
2023-01-29,22,36
2023-01-29,23,26
2023-01-30,0,21
2023-01-30,1,15
2023-01-30,2,10
2023-01-30,3,13
2023-01-30,4,5
2023-01-30,5,15
2023-01-30,6,21
2023-01-30,7,50
2023-01-30,8,112
2023-01-30,9,101
2023-01-30,10,80
2023-01-30,11,66
2023-01-30,12,67
2023-01-30,13,72
2023-01-30,14,72
2023-01-30,15,62
2023-01-30,16,66
2023-01-30,17,76
2023-01-30,18,52
2023-01-30,19,57
2023-01-30,20,36
2023-01-30,21,36
2023-01-30,22,31
2023-01-30,23,26
2023-01-31,0,12
2023-01-31,1,8
2023-01-31,2,4
2023-01-31,3,8
2023-01-31,4,8
2023-01-31,5,2
2023-01-31,6,26
2023-01-31,7,39
2023-01-31,8,95
2023-01-31,9,103
2023-01-31,10,93
2023-01-31,11,71
2023-01-31,12,80
2023-01-31,13,88
2023-01-31,14,71
2023-01-31,15,62
2023-01-31,16,73
2023-01-31,17,88
2023-01-31,18,80
2023-01-31,19,66
2023-01-31,20,40
2023-01-31,21,36
2023-01-31,22,36
2023-01-31,23,32
2023-02-01,0,25
2023-02-01,1,26
2023-02-01,2,6
2023-02-01,3,16
2023-02-01,4,6
2023-02-01,5,6
2023-02-01,6,17
2023-02-01,7,53
2023-02-01,8,95
2023-02-01,9,124
2023-02-01,10,79
2023-02-01,11,69
2023-02-01,12,88
2023-02-01,13,71
2023-02-01,14,72
2023-02-01,15,80
2023-02-01,16,88
2023-02-01,17,100
2023-02-01,18,77
2023-02-01,19,86
2023-02-01,20,51
2023-02-01,21,36
2023-02-01,22,48
2023-02-01,23,43
2023-02-02,0,27
2023-02-02,1,13
2023-02-02,2,9
2023-02-02,3,15
2023-02-02,4,12
2023-02-02,5,10
2023-02-02,6,19
2023-02-02,7,49
2023-02-02,8,84
2023-02-02,9,119
2023-02-02,10,124
2023-02-02,11,99
2023-02-02,12,100
2023-02-02,13,88
2023-02-02,14,102
2023-02-02,15,66
2023-02-02,16,84
2023-02-02,17,105
2023-02-02,18,101
2023-02-02,19,105
2023-02-02,20,66
2023-02-02,21,70
2023-02-02,22,62
2023-02-02,23,53
2023-02-03,0,36
2023-02-03,1,21
2023-02-03,2,8
2023-02-03,3,13
2023-02-03,4,12
2023-02-03,5,11
2023-02-03,6,21
2023-02-03,7,44
2023-02-03,8,88
2023-02-03,9,115
2023-02-03,10,92
2023-02-03,11,96
2023-02-03,12,104
2023-02-03,13,110
2023-02-03,14,109
2023-02-03,15,101
2023-02-03,16,77
2023-02-03,17,134
2023-02-03,18,110
2023-02-03,19,115
2023-02-03,20,109
2023-02-03,21,80
2023-02-03,22,78
2023-02-03,23,78
2023-02-04,0,54
2023-02-04,1,51
2023-02-04,2,36
2023-02-04,3,30
2023-02-04,4,19
2023-02-04,5,12
2023-02-04,6,20
2023-02-04,7,24
2023-02-04,8,66
2023-02-04,9,53
2023-02-04,10,71
2023-02-04,11,65
2023-02-04,12,107
2023-02-04,13,132
2023-02-04,14,119
2023-02-04,15,132
2023-02-04,16,109
2023-02-04,17,117
2023-02-04,18,118
2023-02-04,19,133
2023-02-04,20,92
2023-02-04,21,70
2023-02-04,22,84
2023-02-04,23,96
2023-02-05,0,86
2023-02-05,1,66
2023-02-05,2,50
2023-02-05,3,45
2023-02-05,4,28
2023-02-05,5,15
2023-02-05,6,11
2023-02-05,7,15
2023-02-05,8,21
2023-02-05,9,36
2023-02-05,10,52
2023-02-05,11,71
2023-02-05,12,67
2023-02-05,13,80
2023-02-05,14,80
2023-02-05,15,76
2023-02-05,16,84
2023-02-05,17,66
2023-02-05,18,76
2023-02-05,19,75
2023-02-05,20,44
2023-02-05,21,36
2023-02-05,22,36
2023-02-05,23,32
2023-02-06,0,15
2023-02-06,1,15
2023-02-06,2,8
2023-02-06,3,12
2023-02-06,4,6
2023-02-06,5,10
2023-02-06,6,15
2023-02-06,7,50
2023-02-06,8,100
2023-02-06,9,107
2023-02-06,10,58
2023-02-06,11,69
2023-02-06,12,72
2023-02-06,13,72
2023-02-06,14,67
2023-02-06,15,57
2023-02-06,16,71
2023-02-06,17,72
2023-02-06,18,57
2023-02-06,19,52
2023-02-06,20,36
2023-02-06,21,36
2023-02-06,22,26
2023-02-06,23,26
2023-02-07,0,22
2023-02-07,1,13
2023-02-07,2,3
2023-02-07,3,8
2023-02-07,4,7
2023-02-07,5,11
2023-02-07,6,15
2023-02-07,7,30
2023-02-07,8,76
2023-02-07,9,119
2023-02-07,10,86
2023-02-07,11,72
2023-02-07,12,76
2023-02-07,13,79
2023-02-07,14,76
2023-02-07,15,62
2023-02-07,16,71
2023-02-07,17,80
2023-02-07,18,76
2023-02-07,19,62
2023-02-07,20,40
2023-02-07,21,36
2023-02-07,22,36
2023-02-07,23,31
2023-02-08,0,21
2023-02-08,1,24
2023-02-08,2,18
2023-02-08,3,8
2023-02-08,4,10
2023-02-08,5,6
2023-02-08,6,20
2023-02-08,7,43
2023-02-08,8,115
2023-02-08,9,126
2023-02-08,10,81
2023-02-08,11,88
2023-02-08,12,68
2023-02-08,13,78
2023-02-08,14,81
2023-02-08,15,64
2023-02-08,16,82
2023-02-08,17,78
2023-02-08,18,75
2023-02-08,19,80
2023-02-08,20,48
2023-02-08,21,36
2023-02-08,22,40
2023-02-08,23,48
2023-02-09,0,35
2023-02-09,1,13
2023-02-09,2,12
2023-02-09,3,9
2023-02-09,4,13
2023-02-09,5,15
2023-02-09,6,21
2023-02-09,7,44
2023-02-09,8,97
2023-02-09,9,140
2023-02-09,10,82
2023-02-09,11,86
2023-02-09,12,107
2023-02-09,13,98
2023-02-09,14,101
2023-02-09,15,93
2023-02-09,16,90
2023-02-09,17,101
2023-02-09,18,93
2023-02-09,19,106
2023-02-09,20,55
2023-02-09,21,52
2023-02-09,22,33
2023-02-09,23,62
2023-02-10,0,38
2023-02-10,1,16
2023-02-10,2,7
2023-02-10,3,14
2023-02-10,4,9
2023-02-10,5,15
2023-02-10,6,25
2023-02-10,7,55
2023-02-10,8,94
2023-02-10,9,98
2023-02-10,10,95
2023-02-10,11,101
2023-02-10,12,105
2023-02-10,13,117
2023-02-10,14,107
2023-02-10,15,96
2023-02-10,16,93
2023-02-10,17,123
2023-02-10,18,105
2023-02-10,19,111
2023-02-10,20,104
2023-02-10,21,84
2023-02-10,22,72
2023-02-10,23,77
2023-02-11,0,66
2023-02-11,1,50
2023-02-11,2,35
2023-02-11,3,19
2023-02-11,4,26
2023-02-11,5,7
2023-02-11,6,19
2023-02-11,7,28
2023-02-11,8,61
2023-02-11,9,70
2023-02-11,10,76
2023-02-11,11,92
2023-02-11,12,122
2023-02-11,13,120
2023-02-11,14,119
2023-02-11,15,127
2023-02-11,16,114
2023-02-11,17,133
2023-02-11,18,132
2023-02-11,19,114
2023-02-11,20,110
2023-02-11,21,89
2023-02-11,22,84
2023-02-11,23,80
2023-02-12,0,65
2023-02-12,1,50
2023-02-12,2,46
2023-02-12,3,34
2023-02-12,4,19
2023-02-12,5,14
2023-02-12,6,9
2023-02-12,7,16
2023-02-12,8,21
2023-02-12,9,40
2023-02-12,10,62
2023-02-12,11,71
2023-02-12,12,72
2023-02-12,13,88
2023-02-12,14,88
2023-02-12,15,84
2023-02-12,16,74
2023-02-12,17,62
2023-02-12,18,71
2023-02-12,19,67
2023-02-12,20,44
2023-02-12,21,42
2023-02-12,22,37
2023-02-12,23,26
2023-02-13,0,19
2023-02-13,1,16
2023-02-13,2,10
2023-02-13,3,12
2023-02-13,4,7
2023-02-13,5,10
2023-02-13,6,21
2023-02-13,7,49
2023-02-13,8,97
2023-02-13,9,101
2023-02-13,10,80
2023-02-13,11,67
2023-02-13,12,67
2023-02-13,13,72
2023-02-13,14,71
2023-02-13,15,62
2023-02-13,16,67
2023-02-13,17,72
2023-02-13,18,48
2023-02-13,19,52
2023-02-13,20,40
2023-02-13,21,36
2023-02-13,22,31
2023-02-13,23,31
2023-02-14,0,12
2023-02-14,1,14
2023-02-14,2,9
2023-02-14,3,14
2023-02-14,4,5
2023-02-14,5,6
2023-02-14,6,15
2023-02-14,7,44
2023-02-14,8,97
2023-02-14,9,92
2023-02-14,10,84
2023-02-14,11,76
2023-02-14,12,87
2023-02-14,13,106
2023-02-14,14,98
2023-02-14,15,74
2023-02-14,16,107
2023-02-14,17,111
2023-02-14,18,104
2023-02-14,19,97
2023-02-14,20,82
2023-02-14,21,61
2023-02-14,22,42
2023-02-14,23,33
2023-02-15,0,39
2023-02-15,1,18
2023-02-15,2,19
2023-02-15,3,16
2023-02-15,4,13
2023-02-15,5,12
2023-02-15,6,26
2023-02-15,7,58
2023-02-15,8,104
2023-02-15,9,114
2023-02-15,10,76
2023-02-15,11,71
2023-02-15,12,80
2023-02-15,13,76
2023-02-15,14,80
2023-02-15,15,74
2023-02-15,16,88
2023-02-15,17,100
2023-02-15,18,88
2023-02-15,19,76
2023-02-15,20,48
2023-02-15,21,36
2023-02-15,22,44
2023-02-15,23,40
2023-02-16,0,20
2023-02-16,1,16
2023-02-16,2,16
2023-02-16,3,18
2023-02-16,4,6
2023-02-16,5,9
2023-02-16,6,21
2023-02-16,7,41
2023-02-16,8,93
2023-02-16,9,122
2023-02-16,10,92
2023-02-16,11,84
2023-02-16,12,73
2023-02-16,13,100
2023-02-16,14,92
2023-02-16,15,80
2023-02-16,16,84
2023-02-16,17,96
2023-02-16,18,93
2023-02-16,19,96
2023-02-16,20,62
2023-02-16,21,52
2023-02-16,22,52
2023-02-16,23,67
2023-02-17,0,35
2023-02-17,1,28
2023-02-17,2,16
2023-02-17,3,9
2023-02-17,4,18
2023-02-17,5,15
2023-02-17,6,16
2023-02-17,7,49
2023-02-17,8,101
2023-02-17,9,114
2023-02-17,10,92
2023-02-17,11,96
2023-02-17,12,100
2023-02-17,13,114
2023-02-17,14,104
2023-02-17,15,96
2023-02-17,16,88
2023-02-17,17,114
2023-02-17,18,100
2023-02-17,19,111
2023-02-17,20,109
2023-02-17,21,84
2023-02-17,22,71
2023-02-17,23,68
2023-02-18,0,61
2023-02-18,1,60
2023-02-18,2,49
2023-02-18,3,24
2023-02-18,4,24
2023-02-18,5,9
2023-02-18,6,23
2023-02-18,7,26
2023-02-18,8,66
2023-02-18,9,70
2023-02-18,10,63
2023-02-18,11,64
2023-02-18,12,82
2023-02-18,13,107
2023-02-18,14,114
2023-02-18,15,126
2023-02-18,16,113
2023-02-18,17,128
2023-02-18,18,132
2023-02-18,19,134
2023-02-18,20,81
2023-02-18,21,92
2023-02-18,22,102
2023-02-18,23,101
2023-02-19,0,108
2023-02-19,1,65
2023-02-19,2,78
2023-02-19,3,44
2023-02-19,4,23
2023-02-19,5,12
2023-02-19,6,10
2023-02-19,7,16
2023-02-19,8,21
2023-02-19,9,40
2023-02-19,10,62
2023-02-19,11,76
2023-02-19,12,76
2023-02-19,13,96
2023-02-19,14,100
2023-02-19,15,97
2023-02-19,16,92
2023-02-19,17,67
2023-02-19,18,71
2023-02-19,19,67
2023-02-19,20,44
2023-02-19,21,36
2023-02-19,22,36
2023-02-19,23,24
2023-02-20,0,18
2023-02-20,1,16
2023-02-20,2,10
2023-02-20,3,8
2023-02-20,4,11
2023-02-20,5,11
2023-02-20,6,24
2023-02-20,7,42
2023-02-20,8,107
2023-02-20,9,125
2023-02-20,10,96
2023-02-20,11,72
2023-02-20,12,57
2023-02-20,13,72
2023-02-20,14,72
2023-02-20,15,62
2023-02-20,16,71
2023-02-20,17,76
2023-02-20,18,57
2023-02-20,19,52
2023-02-20,20,40
2023-02-20,21,35
2023-02-20,22,31
2023-02-20,23,26
2023-02-21,0,21
2023-02-21,1,12
2023-02-21,2,9
2023-02-21,3,8
2023-02-21,4,3
2023-02-21,5,19
2023-02-21,6,19
2023-02-21,7,51
2023-02-21,8,86
2023-02-21,9,136
2023-02-21,10,84
2023-02-21,11,76
2023-02-21,12,73
2023-02-21,13,88
2023-02-21,14,76
2023-02-21,15,57
2023-02-21,16,79
2023-02-21,17,84
2023-02-21,18,80
2023-02-21,19,66
2023-02-21,20,44
2023-02-21,21,36
2023-02-21,22,36
2023-02-21,23,31
2023-02-22,0,21
2023-02-22,1,23
2023-02-22,2,14
2023-02-22,3,13
2023-02-22,4,8
2023-02-22,5,9
2023-02-22,6,29
2023-02-22,7,50
2023-02-22,8,116
2023-02-22,9,110
2023-02-22,10,80
2023-02-22,11,71
2023-02-22,12,72
2023-02-22,13,80
2023-02-22,14,80
2023-02-22,15,75
2023-02-22,16,92
2023-02-22,17,104
2023-02-22,18,101
2023-02-22,19,75
2023-02-22,20,58
2023-02-22,21,36
2023-02-22,22,40
2023-02-22,23,42
2023-02-23,0,28
2023-02-23,1,19
2023-02-23,2,15
2023-02-23,3,8
2023-02-23,4,11
2023-02-23,5,9
2023-02-23,6,21
2023-02-23,7,61
2023-02-23,8,87
2023-02-23,9,128
2023-02-23,10,101
2023-02-23,11,92
2023-02-23,12,92
2023-02-23,13,92
2023-02-23,14,100
2023-02-23,15,80
2023-02-23,16,88
2023-02-23,17,100
2023-02-23,18,92
2023-02-23,19,92
2023-02-23,20,67
2023-02-23,21,57
2023-02-23,22,52
2023-02-23,23,62
2023-02-24,0,36
2023-02-24,1,30
2023-02-24,2,27
2023-02-24,3,26
2023-02-24,4,13
2023-02-24,5,8
2023-02-24,6,20
2023-02-24,7,53
2023-02-24,8,107
2023-02-24,9,113
2023-02-24,10,96
2023-02-24,11,96
2023-02-24,12,105
2023-02-24,13,110
2023-02-24,14,109
2023-02-24,15,92
2023-02-24,16,92
2023-02-24,17,114
2023-02-24,18,114
2023-02-24,19,119
2023-02-24,20,114
2023-02-24,21,88
2023-02-24,22,75
2023-02-24,23,102
2023-02-25,0,86
2023-02-25,1,63
2023-02-25,2,44
2023-02-25,3,40
2023-02-25,4,20
2023-02-25,5,9
2023-02-25,6,12
2023-02-25,7,27
2023-02-25,8,66
2023-02-25,9,62
2023-02-25,10,80
2023-02-25,11,88
2023-02-25,12,109
2023-02-25,13,119
2023-02-25,14,119
2023-02-25,15,132
2023-02-25,16,111
2023-02-25,17,124
2023-02-25,18,97
2023-02-25,19,137
2023-02-25,20,96
2023-02-25,21,76
2023-02-25,22,88
2023-02-25,23,108
2023-02-26,0,94
2023-02-26,1,73
2023-02-26,2,62
2023-02-26,3,47
2023-02-26,4,23
2023-02-26,5,12
2023-02-26,6,8
2023-02-26,7,16
2023-02-26,8,21
2023-02-26,9,40
2023-02-26,10,57
2023-02-26,11,76
2023-02-26,12,76
2023-02-26,13,84
2023-02-26,14,101
2023-02-26,15,76
2023-02-26,16,70
2023-02-26,17,57
2023-02-26,18,71
2023-02-26,19,66
2023-02-26,20,48
2023-02-26,21,40
2023-02-26,22,36
2023-02-26,23,26
2023-02-27,0,32
2023-02-27,1,19
2023-02-27,2,20
2023-02-27,3,22
2023-02-27,4,9
2023-02-27,5,13
2023-02-27,6,27
2023-02-27,7,40
2023-02-27,8,84
2023-02-27,9,101
2023-02-27,10,86
2023-02-27,11,66
2023-02-27,12,71
2023-02-27,13,72
2023-02-27,14,72
2023-02-27,15,52
2023-02-27,16,67
2023-02-27,17,72
2023-02-27,18,52
2023-02-27,19,52
2023-02-27,20,36
2023-02-27,21,31
2023-02-27,22,36
2023-02-27,23,36
2023-02-28,0,25
2023-02-28,1,23
2023-02-28,2,10
2023-02-28,3,14
2023-02-28,4,6
2023-02-28,5,23
2023-02-28,6,30
2023-02-28,7,56
2023-02-28,8,108
2023-02-28,9,126
2023-02-28,10,88
2023-02-28,11,72
2023-02-28,12,70
2023-02-28,13,88
2023-02-28,14,72
2023-02-28,15,67
2023-02-28,16,84
2023-02-28,17,88
2023-02-28,18,76
2023-02-28,19,77
2023-02-28,20,39
2023-02-28,21,40
2023-02-28,22,59
2023-02-28,23,23
2023-03-01,0,31
2023-03-01,1,15
2023-03-01,2,22
2023-03-01,3,20
2023-03-01,4,14
2023-03-01,5,10
2023-03-01,6,21
2023-03-01,7,49
2023-03-01,8,98
2023-03-01,9,115
2023-03-01,10,94
2023-03-01,11,92
2023-03-01,12,87
2023-03-01,13,84
2023-03-01,14,101
2023-03-01,15,65
2023-03-01,16,84
2023-03-01,17,96
2023-03-01,18,88
2023-03-01,19,82
2023-03-01,20,54
2023-03-01,21,40
2023-03-01,22,56
2023-03-01,23,36
2023-03-02,0,40
2023-03-02,1,22
2023-03-02,2,12
2023-03-02,3,15
2023-03-02,4,11
2023-03-02,5,16
2023-03-02,6,25
2023-03-02,7,46
2023-03-02,8,122
2023-03-02,9,129
2023-03-02,10,77
2023-03-02,11,98
2023-03-02,12,98
2023-03-02,13,99
2023-03-02,14,78
2023-03-02,15,72
2023-03-02,16,70
2023-03-02,17,103
2023-03-02,18,102
2023-03-02,19,75
2023-03-02,20,64
2023-03-02,21,62
2023-03-02,22,62
2023-03-02,23,52
2023-03-03,0,32
2023-03-03,1,21
2023-03-03,2,16
2023-03-03,3,15
2023-03-03,4,16
2023-03-03,5,13
2023-03-03,6,16
2023-03-03,7,57
2023-03-03,8,117
2023-03-03,9,145
2023-03-03,10,86
2023-03-03,11,86
2023-03-03,12,104
2023-03-03,13,93
2023-03-03,14,95
2023-03-03,15,92
2023-03-03,16,88
2023-03-03,17,123
2023-03-03,18,100
2023-03-03,19,123
2023-03-03,20,99
2023-03-03,21,78
2023-03-03,22,76
2023-03-03,23,92
2023-03-04,0,70
2023-03-04,1,56
2023-03-04,2,35
2023-03-04,3,38
2023-03-04,4,15
2023-03-04,5,8
2023-03-04,6,21
2023-03-04,7,27
2023-03-04,8,66
2023-03-04,9,71
2023-03-04,10,76
2023-03-04,11,79
2023-03-04,12,114
2023-03-04,13,123
2023-03-04,14,114
2023-03-04,15,118
2023-03-04,16,114
2023-03-04,17,132
2023-03-04,18,145
2023-03-04,19,127
2023-03-04,20,92
2023-03-04,21,71
2023-03-04,22,86
2023-03-04,23,80
2023-03-05,0,70
2023-03-05,1,70
2023-03-05,2,61
2023-03-05,3,51
2023-03-05,4,21
2023-03-05,5,13
2023-03-05,6,7
2023-03-05,7,16
2023-03-05,8,26
2023-03-05,9,36
2023-03-05,10,62
2023-03-05,11,71
2023-03-05,12,71
2023-03-05,13,84
2023-03-05,14,84
2023-03-05,15,88
2023-03-05,16,79
2023-03-05,17,67
2023-03-05,18,71
2023-03-05,19,66
2023-03-05,20,44
2023-03-05,21,36
2023-03-05,22,36
2023-03-05,23,58
2023-03-06,0,18
2023-03-06,1,18
2023-03-06,2,9
2023-03-06,3,14
2023-03-06,4,10
2023-03-06,5,8
2023-03-06,6,16
2023-03-06,7,36
2023-03-06,8,80
2023-03-06,9,103
2023-03-06,10,80
2023-03-06,11,72
2023-03-06,12,72
2023-03-06,13,76
2023-03-06,14,76
2023-03-06,15,51
2023-03-06,16,72
2023-03-06,17,72
2023-03-06,18,56
2023-03-06,19,57
2023-03-06,20,36
2023-03-06,21,44
2023-03-06,22,36
2023-03-06,23,31
2023-03-07,0,23
2023-03-07,1,15
2023-03-07,2,8
2023-03-07,3,14
2023-03-07,4,10
2023-03-07,5,16
2023-03-07,6,29
2023-03-07,7,54
2023-03-07,8,126
2023-03-07,9,118
2023-03-07,10,93
2023-03-07,11,76
2023-03-07,12,88
2023-03-07,13,68
2023-03-07,14,72
2023-03-07,15,66
2023-03-07,16,71
2023-03-07,17,99
2023-03-07,18,68
2023-03-07,19,66
2023-03-07,20,57
2023-03-07,21,46
2023-03-07,22,36
2023-03-07,23,26
2023-03-08,0,26
2023-03-08,1,12
2023-03-08,2,16
2023-03-08,3,20
2023-03-08,4,11
2023-03-08,5,13
2023-03-08,6,28
2023-03-08,7,48
2023-03-08,8,117
2023-03-08,9,113
2023-03-08,10,80
2023-03-08,11,54
2023-03-08,12,104
2023-03-08,13,77
2023-03-08,14,92
2023-03-08,15,76
2023-03-08,16,92
2023-03-08,17,118
2023-03-08,18,103
2023-03-08,19,94
2023-03-08,20,63
2023-03-08,21,40
2023-03-08,22,48
2023-03-08,23,45
2023-03-09,0,37
2023-03-09,1,28
2023-03-09,2,18
2023-03-09,3,18
2023-03-09,4,4
2023-03-09,5,14
2023-03-09,6,21
2023-03-09,7,49
2023-03-09,8,102
2023-03-09,9,124
2023-03-09,10,105
2023-03-09,11,84
2023-03-09,12,92
2023-03-09,13,89
2023-03-09,14,83
2023-03-09,15,75
2023-03-09,16,81
2023-03-09,17,114
2023-03-09,18,122
2023-03-09,19,93
2023-03-09,20,75
2023-03-09,21,86
2023-03-09,22,48
2023-03-09,23,55
2023-03-10,0,32
2023-03-10,1,16
2023-03-10,2,18
2023-03-10,3,13
2023-03-10,4,13
2023-03-10,5,13
2023-03-10,6,32
2023-03-10,7,33
2023-03-10,8,96
2023-03-10,9,118
2023-03-10,10,96
2023-03-10,11,93
2023-03-10,12,101
2023-03-10,13,109
2023-03-10,14,115
2023-03-10,15,93
2023-03-10,16,101
2023-03-10,17,132
2023-03-10,18,109
2023-03-10,19,115
2023-03-10,20,90
2023-03-10,21,88
2023-03-10,22,71
2023-03-10,23,86
2023-03-11,0,73
2023-03-11,1,72
2023-03-11,2,40
2023-03-11,3,39
2023-03-11,4,29
2023-03-11,5,9
2023-03-11,6,24
2023-03-11,7,29
2023-03-11,8,59
2023-03-11,9,71
2023-03-11,10,80
2023-03-11,11,92
2023-03-11,12,119
2023-03-11,13,119
2023-03-11,14,115
2023-03-11,15,128
2023-03-11,16,109
2023-03-11,17,88
2023-03-11,18,111
2023-03-11,19,130
2023-03-11,20,77
2023-03-11,21,73
2023-03-11,22,85
2023-03-11,23,98
2023-03-12,0,85
2023-03-12,1,63
2023-03-12,2,62
2023-03-12,3,45
2023-03-12,4,33
2023-03-12,5,10
2023-03-12,6,14
2023-03-12,7,20
2023-03-12,8,26
2023-03-12,9,40
2023-03-12,10,57
2023-03-12,11,76
2023-03-12,12,72
2023-03-12,13,88
2023-03-12,14,84
2023-03-12,15,84
2023-03-12,16,89
2023-03-12,17,71
2023-03-12,18,66
2023-03-12,19,71
2023-03-12,20,48
2023-03-12,21,36
2023-03-12,22,36
2023-03-12,23,26
2023-03-13,0,41
2023-03-13,1,21
2023-03-13,2,11
2023-03-13,3,13
2023-03-13,4,16
2023-03-13,5,10
2023-03-13,6,29
2023-03-13,7,53
2023-03-13,8,85
2023-03-13,9,99
2023-03-13,10,77
2023-03-13,11,71
2023-03-13,12,90
2023-03-13,13,87
2023-03-13,14,84
2023-03-13,15,52
2023-03-13,16,67
2023-03-13,17,72
2023-03-13,18,57
2023-03-13,19,52
2023-03-13,20,36
2023-03-13,21,36
2023-03-13,22,31
2023-03-13,23,31
2023-03-14,0,12
2023-03-14,1,0
2023-03-14,2,0
2023-03-14,3,0
2023-03-14,4,0
2023-03-14,5,0
2023-03-14,6,14
2023-03-14,7,46
2023-03-14,8,88
2023-03-14,9,119
2023-03-14,10,83
2023-03-14,11,72
2023-03-14,12,84
2023-03-14,13,79
2023-03-14,14,76
2023-03-14,15,62
2023-03-14,16,76
2023-03-14,17,80
2023-03-14,18,76
2023-03-14,19,66
2023-03-14,20,44
2023-03-14,21,40
2023-03-14,22,40
2023-03-14,23,26
2023-03-15,0,23
2023-03-15,1,15
2023-03-15,2,15
2023-03-15,3,10
2023-03-15,4,9
2023-03-15,5,11
2023-03-15,6,19
2023-03-15,7,36
2023-03-15,8,88
2023-03-15,9,112
2023-03-15,10,79
2023-03-15,11,62
2023-03-15,12,78
2023-03-15,13,74
2023-03-15,14,64
2023-03-15,15,75
2023-03-15,16,92
2023-03-15,17,95
2023-03-15,18,97
2023-03-15,19,80
2023-03-15,20,58
2023-03-15,21,36
2023-03-15,22,44
2023-03-15,23,43
2023-03-16,0,31
2023-03-16,1,24
2023-03-16,2,22
2023-03-16,3,12
2023-03-16,4,12
2023-03-16,5,8
2023-03-16,6,19
2023-03-16,7,55
2023-03-16,8,125
2023-03-16,9,131
2023-03-16,10,96
2023-03-16,11,89
2023-03-16,12,96
2023-03-16,13,100
2023-03-16,14,88
2023-03-16,15,84
2023-03-16,16,88
2023-03-16,17,105
2023-03-16,18,105
2023-03-16,19,96
2023-03-16,20,71
2023-03-16,21,62
2023-03-16,22,50
2023-03-16,23,51
2023-03-17,0,32
2023-03-17,1,19
2023-03-17,2,19
2023-03-17,3,14
2023-03-17,4,13
2023-03-17,5,8
2023-03-17,6,27
2023-03-17,7,40
2023-03-17,8,100
2023-03-17,9,127
2023-03-17,10,92
2023-03-17,11,91
2023-03-17,12,106
2023-03-17,13,93
2023-03-17,14,114
2023-03-17,15,107
2023-03-17,16,97
2023-03-17,17,128
2023-03-17,18,106
2023-03-17,19,127
2023-03-17,20,111
2023-03-17,21,94
2023-03-17,22,73
2023-03-17,23,97
2023-03-18,0,124
2023-03-18,1,67
2023-03-18,2,38
2023-03-18,3,47
2023-03-18,4,22
2023-03-18,5,10
2023-03-18,6,17
2023-03-18,7,19
2023-03-18,8,66
2023-03-18,9,71
2023-03-18,10,80
2023-03-18,11,88
2023-03-18,12,119
2023-03-18,13,123
2023-03-18,14,88
2023-03-18,15,122
2023-03-18,16,114
2023-03-18,17,118
2023-03-18,18,94
2023-03-18,19,106
2023-03-18,20,104
2023-03-18,21,86
2023-03-18,22,85
2023-03-18,23,102
2023-03-19,0,69
2023-03-19,1,60
2023-03-19,2,46
2023-03-19,3,41
2023-03-19,4,18
2023-03-19,5,10
2023-03-19,6,8
2023-03-19,7,14
2023-03-19,8,21
2023-03-19,9,40
2023-03-19,10,57
2023-03-19,11,76
2023-03-19,12,76
2023-03-19,13,91
2023-03-19,14,65
2023-03-19,15,86
2023-03-19,16,89
2023-03-19,17,76
2023-03-19,18,70
2023-03-19,19,85
2023-03-19,20,44
2023-03-19,21,36
2023-03-19,22,36
2023-03-19,23,21
2023-03-20,0,17
2023-03-20,1,12
2023-03-20,2,8
2023-03-20,3,11
2023-03-20,4,8
2023-03-20,5,10
2023-03-20,6,18
2023-03-20,7,56
2023-03-20,8,108
2023-03-20,9,109
2023-03-20,10,84
2023-03-20,11,62
2023-03-20,12,72
2023-03-20,13,95
2023-03-20,14,70
2023-03-20,15,57
2023-03-20,16,83
2023-03-20,17,89
2023-03-20,18,51
2023-03-20,19,55
2023-03-20,20,41
2023-03-20,21,33
2023-03-20,22,31
2023-03-20,23,21
2023-03-21,0,13
2023-03-21,1,15
2023-03-21,2,5
2023-03-21,3,11
2023-03-21,4,10
2023-03-21,5,8
2023-03-21,6,18
2023-03-21,7,48
2023-03-21,8,129
2023-03-21,9,130
2023-03-21,10,87
2023-03-21,11,67
2023-03-21,12,76
2023-03-21,13,84
2023-03-21,14,70
2023-03-21,15,57
2023-03-21,16,76
2023-03-21,17,84
2023-03-21,18,80
2023-03-21,19,70
2023-03-21,20,40
2023-03-21,21,36
2023-03-21,22,40
2023-03-21,23,26
2023-03-22,0,34
2023-03-22,1,16
2023-03-22,2,10
2023-03-22,3,12
2023-03-22,4,7
2023-03-22,5,7
2023-03-22,6,23
2023-03-22,7,38
2023-03-22,8,95
2023-03-22,9,102
2023-03-22,10,80
2023-03-22,11,67
2023-03-22,12,72
2023-03-22,13,67
2023-03-22,14,76
2023-03-22,15,78
2023-03-22,16,82
2023-03-22,17,95
2023-03-22,18,85
2023-03-22,19,72
2023-03-22,20,45
2023-03-22,21,36
2023-03-22,22,48
2023-03-22,23,43
2023-03-23,0,18
2023-03-23,1,19
2023-03-23,2,16
2023-03-23,3,16
2023-03-23,4,8
2023-03-23,5,12
2023-03-23,6,26
2023-03-23,7,46
2023-03-23,8,103
2023-03-23,9,128
2023-03-23,10,88
2023-03-23,11,86
2023-03-23,12,64
2023-03-23,13,101
2023-03-23,14,92
2023-03-23,15,62
2023-03-23,16,83
2023-03-23,17,97
2023-03-23,18,97
2023-03-23,19,88
2023-03-23,20,67
2023-03-23,21,66
2023-03-23,22,52
2023-03-23,23,47
2023-03-24,0,41
2023-03-24,1,30
2023-03-24,2,15
2023-03-24,3,10
2023-03-24,4,14
2023-03-24,5,8
2023-03-24,6,20
2023-03-24,7,45
2023-03-24,8,98
2023-03-24,9,103
2023-03-24,10,114
2023-03-24,11,98
2023-03-24,12,108
2023-03-24,13,105
2023-03-24,14,108
2023-03-24,15,85
2023-03-24,16,85
2023-03-24,17,118
2023-03-24,18,110
2023-03-24,19,114
2023-03-24,20,96
2023-03-24,21,88
2023-03-24,22,76
2023-03-24,23,78
2023-03-25,0,53
2023-03-25,1,49
2023-03-25,2,47
2023-03-25,3,20
2023-03-25,4,23
2023-03-25,5,4
2023-03-25,6,12
2023-03-25,7,20
2023-03-25,8,61
2023-03-25,9,75
2023-03-25,10,76
2023-03-25,11,97
2023-03-25,12,118
2023-03-25,13,129
2023-03-25,14,126
2023-03-25,15,103
2023-03-25,16,119
2023-03-25,17,132
2023-03-25,18,128
2023-03-25,19,119
2023-03-25,20,88
2023-03-25,21,76
2023-03-25,22,91
2023-03-25,23,138
2023-03-26,0,76
2023-03-26,1,55
2023-03-26,2,68
2023-03-26,3,61
2023-03-26,4,21
2023-03-26,5,14
2023-03-26,6,17
2023-03-26,7,26
2023-03-26,8,44
2023-03-26,9,62
2023-03-26,10,71
2023-03-26,11,76
2023-03-26,12,84
2023-03-26,13,84
2023-03-26,14,71
2023-03-26,15,62
2023-03-26,16,79
2023-03-26,17,69
2023-03-26,18,67
2023-03-26,19,44
2023-03-26,20,36
2023-03-26,21,36
2023-03-26,22,26
2023-03-26,23,25
2023-03-27,0,23
2023-03-27,1,13
2023-03-27,2,7
2023-03-27,3,5
2023-03-27,4,8
2023-03-27,5,14
2023-03-27,6,39
2023-03-27,7,80
2023-03-27,8,102
2023-03-27,9,80
2023-03-27,10,56
2023-03-27,11,62
2023-03-27,12,76
2023-03-27,13,72
2023-03-27,14,52
2023-03-27,15,67
2023-03-27,16,72
2023-03-27,17,53
2023-03-27,18,52
2023-03-27,19,36
2023-03-27,20,36
2023-03-27,21,31
2023-03-27,22,26
2023-03-27,23,28
2023-03-28,0,30
2023-03-28,1,14
2023-03-28,2,11
2023-03-28,3,8
2023-03-28,4,12
2023-03-28,5,39
2023-03-28,6,57
2023-03-28,7,94
2023-03-28,8,125
2023-03-28,9,84
2023-03-28,10,72
2023-03-28,11,80
2023-03-28,12,88
2023-03-28,13,76
2023-03-28,14,71
2023-03-28,15,76
2023-03-28,16,93
2023-03-28,17,88
2023-03-28,18,70
2023-03-28,19,40
2023-03-28,20,36
2023-03-28,21,40
2023-03-28,22,61
2023-03-28,23,57
2023-03-29,0,27
2023-03-29,1,19
2023-03-29,2,17
2023-03-29,3,14
2023-03-29,4,22
2023-03-29,5,34
2023-03-29,6,34
2023-03-29,7,84
2023-03-29,8,105
2023-03-29,9,76
2023-03-29,10,92
2023-03-29,11,74
2023-03-29,12,67
2023-03-29,13,84
2023-03-29,14,79
2023-03-29,15,84
2023-03-29,16,96
2023-03-29,17,92
2023-03-29,18,72
2023-03-29,19,48
2023-03-29,20,36
2023-03-29,21,48
2023-03-29,22,51
2023-03-29,23,36
2023-03-30,0,30
2023-03-30,1,24
2023-03-30,2,23
2023-03-30,3,19
2023-03-30,4,20
2023-03-30,5,27
2023-03-30,6,49
2023-03-30,7,106
2023-03-30,8,109
2023-03-30,9,89
2023-03-30,10,90
2023-03-30,11,95
2023-03-30,12,96
2023-03-30,13,95
2023-03-30,14,80
2023-03-30,15,84
2023-03-30,16,101
2023-03-30,17,96
2023-03-30,18,84
2023-03-30,19,67
2023-03-30,20,71
2023-03-30,21,52
2023-03-30,22,59
2023-03-30,23,36
2023-03-31,0,22
2023-03-31,1,25
2023-03-31,2,26
2023-03-31,3,9
2023-03-31,4,16
2023-03-31,5,26
2023-03-31,6,41
2023-03-31,7,92
2023-03-31,8,117
2023-03-31,9,100
2023-03-31,10,92
2023-03-31,11,109
2023-03-31,12,90
2023-03-31,13,66
2023-03-31,14,101
2023-03-31,15,92
2023-03-31,16,128
2023-03-31,17,110
2023-03-31,18,153
2023-03-31,19,100
2023-03-31,20,92
2023-03-31,21,76
2023-03-31,22,82
2023-03-31,23,100
2023-04-01,0,60
2023-04-01,1,55
2023-04-01,2,34
2023-04-01,3,14
2023-04-01,4,13
2023-04-01,5,13
2023-04-01,6,28
2023-04-01,7,66
2023-04-01,8,66
2023-04-01,9,80
2023-04-01,10,88
2023-04-01,11,115
2023-04-01,12,123
2023-04-01,13,110
2023-04-01,14,118
2023-04-01,15,114
2023-04-01,16,114
2023-04-01,17,127
2023-04-01,18,109
2023-04-01,19,80
2023-04-01,20,88
2023-04-01,21,114
2023-04-01,22,90
2023-04-01,23,97
2023-04-02,0,53
2023-04-02,1,68
2023-04-02,2,30
2023-04-02,3,16
2023-04-02,4,13
2023-04-02,5,11
2023-04-02,6,16
2023-04-02,7,26
2023-04-02,8,40
2023-04-02,9,57
2023-04-02,10,71
2023-04-02,11,62
2023-04-02,12,80
2023-04-02,13,80
2023-04-02,14,76
2023-04-02,15,75
2023-04-02,16,62
2023-04-02,17,57
2023-04-02,18,67
2023-04-02,19,44
2023-04-02,20,36
2023-04-02,21,36
2023-04-02,22,33
2023-04-02,23,18
2023-04-03,0,18
2023-04-03,1,7
2023-04-03,2,12
2023-04-03,3,9
2023-04-03,4,11
2023-04-03,5,17
2023-04-03,6,49
2023-04-03,7,116
2023-04-03,8,108
2023-04-03,9,71
2023-04-03,10,61
2023-04-03,11,67
2023-04-03,12,76
2023-04-03,13,66
2023-04-03,14,52
2023-04-03,15,66
2023-04-03,16,72
2023-04-03,17,57
2023-04-03,18,52
2023-04-03,19,36
2023-04-03,20,36
2023-04-03,21,31
2023-04-03,22,26
2023-04-03,23,17
2023-04-04,0,14
2023-04-04,1,14
2023-04-04,2,15
2023-04-04,3,13
2023-04-04,4,19
2023-04-04,5,20
2023-04-04,6,41
2023-04-04,7,89
2023-04-04,8,101
2023-04-04,9,75
2023-04-04,10,73
2023-04-04,11,96
2023-04-04,12,75
2023-04-04,13,72
2023-04-04,14,62
2023-04-04,15,76
2023-04-04,16,84
2023-04-04,17,76
2023-04-04,18,62
2023-04-04,19,40
2023-04-04,20,36
2023-04-04,21,36
2023-04-04,22,34
2023-04-04,23,43
2023-04-05,0,23
2023-04-05,1,19
2023-04-05,2,13
2023-04-05,3,9
2023-04-05,4,16
2023-04-05,5,25
2023-04-05,6,39
2023-04-05,7,84
2023-04-05,8,97
2023-04-05,9,72
2023-04-05,10,67
2023-04-05,11,82
2023-04-05,12,78
2023-04-05,13,79
2023-04-05,14,80
2023-04-05,15,82
2023-04-05,16,93
2023-04-05,17,92
2023-04-05,18,76
2023-04-05,19,48
2023-04-05,20,36
2023-04-05,21,52
2023-04-05,22,39
2023-04-05,23,20
2023-04-06,0,28
2023-04-06,1,7
2023-04-06,2,9
2023-04-06,3,13
2023-04-06,4,13
2023-04-06,5,31
2023-04-06,6,66
2023-04-06,7,111
2023-04-06,8,99
2023-04-06,9,109
2023-04-06,10,106
2023-04-06,11,96
2023-04-06,12,90
2023-04-06,13,92
2023-04-06,14,84
2023-04-06,15,91
2023-04-06,16,100
2023-04-06,17,101
2023-04-06,18,88
2023-04-06,19,67
2023-04-06,20,76
2023-04-06,21,52
2023-04-06,22,50
2023-04-06,23,65
2023-04-07,0,47
2023-04-07,1,20
2023-04-07,2,23
2023-04-07,3,14
2023-04-07,4,12
2023-04-07,5,16
2023-04-07,6,30
2023-04-07,7,84
2023-04-07,8,105
2023-04-07,9,88
2023-04-07,10,84
2023-04-07,11,100
2023-04-07,12,78
2023-04-07,13,97
2023-04-07,14,64
2023-04-07,15,90
2023-04-07,16,77
2023-04-07,17,89
2023-04-07,18,97
2023-04-07,19,83
2023-04-07,20,78
2023-04-07,21,68
2023-04-07,22,88
2023-04-07,23,74
2023-04-08,0,58
2023-04-08,1,42
2023-04-08,2,31
2023-04-08,3,13
2023-04-08,4,10
2023-04-08,5,16
2023-04-08,6,17
2023-04-08,7,61
2023-04-08,8,71
2023-04-08,9,75
2023-04-08,10,93
2023-04-08,11,104
2023-04-08,12,107
2023-04-08,13,105
2023-04-08,14,114
2023-04-08,15,104
2023-04-08,16,109
2023-04-08,17,109
2023-04-08,18,114
2023-04-08,19,75
2023-04-08,20,66
2023-04-08,21,80
2023-04-08,22,97
2023-04-08,23,64
2023-04-09,0,48
2023-04-09,1,55
2023-04-09,2,39
2023-04-09,3,17
2023-04-09,4,11
2023-04-09,5,8
2023-04-09,6,16
2023-04-09,7,26
2023-04-09,8,40
2023-04-09,9,62
2023-04-09,10,76
2023-04-09,11,80
2023-04-09,12,84
2023-04-09,13,80
2023-04-09,14,84
2023-04-09,15,79
2023-04-09,16,62
2023-04-09,17,61
2023-04-09,18,67
2023-04-09,19,44
2023-04-09,20,36
2023-04-09,21,36
2023-04-09,22,29
2023-04-09,23,34
2023-04-10,0,23
2023-04-10,1,25
2023-04-10,2,24
2023-04-10,3,15
2023-04-10,4,16
2023-04-10,5,15
2023-04-10,6,28
2023-04-10,7,75
2023-04-10,8,88
2023-04-10,9,72
2023-04-10,10,57
2023-04-10,11,51
2023-04-10,12,64
2023-04-10,13,72
2023-04-10,14,52
2023-04-10,15,57
2023-04-10,16,67
2023-04-10,17,48
2023-04-10,18,52
2023-04-10,19,36
2023-04-10,20,36
2023-04-10,21,31
2023-04-10,22,25
2023-04-10,23,18
2023-04-11,0,9
2023-04-11,1,18
2023-04-11,2,8
2023-04-11,3,11
2023-04-11,4,11
2023-04-11,5,16
2023-04-11,6,39
2023-04-11,7,88
2023-04-11,8,102
2023-04-11,9,80
2023-04-11,10,54
2023-04-11,11,80
2023-04-11,12,79
2023-04-11,13,76
2023-04-11,14,62
2023-04-11,15,75
2023-04-11,16,84
2023-04-11,17,73
2023-04-11,18,66
2023-04-11,19,44
2023-04-11,20,40
2023-04-11,21,40
2023-04-11,22,30
2023-04-11,23,24
2023-04-12,0,29
2023-04-12,1,8
2023-04-12,2,0
2023-04-12,3,3
2023-04-12,4,6
2023-04-12,5,18
2023-04-12,6,44
2023-04-12,7,92
2023-04-12,8,97
2023-04-12,9,76
2023-04-12,10,67
2023-04-12,11,72
2023-04-12,12,72
2023-04-12,13,75
2023-04-12,14,76
2023-04-12,15,92
2023-04-12,16,97
2023-04-12,17,87
2023-04-12,18,79
2023-04-12,19,48
2023-04-12,20,36
2023-04-12,21,48
2023-04-12,22,44
2023-04-12,23,38
2023-04-13,0,17
2023-04-13,1,16
2023-04-13,2,16
2023-04-13,3,8
2023-04-13,4,16
2023-04-13,5,26
2023-04-13,6,62
2023-04-13,7,110
2023-04-13,8,106
2023-04-13,9,92
2023-04-13,10,87
2023-04-13,11,92
2023-04-13,12,101
2023-04-13,13,99
2023-04-13,14,88
2023-04-13,15,93
2023-04-13,16,106
2023-04-13,17,105
2023-04-13,18,92
2023-04-13,19,67
2023-04-13,20,66
2023-04-13,21,57
2023-04-13,22,54
2023-04-13,23,53
2023-04-14,0,32
2023-04-14,1,16
2023-04-14,2,16
2023-04-14,3,16
2023-04-14,4,13
2023-04-14,5,16
2023-04-14,6,54
2023-04-14,7,95
2023-04-14,8,99
2023-04-14,9,90
2023-04-14,10,92
2023-04-14,11,118
2023-04-14,12,96
2023-04-14,13,105
2023-04-14,14,88
2023-04-14,15,88
2023-04-14,16,114
2023-04-14,17,96
2023-04-14,18,119
2023-04-14,19,105
2023-04-14,20,88
2023-04-14,21,71
2023-04-14,22,78
2023-04-14,23,67
2023-04-15,0,62
2023-04-15,1,31
2023-04-15,2,30
2023-04-15,3,14
2023-04-15,4,10
2023-04-15,5,10
2023-04-15,6,22
2023-04-15,7,66
2023-04-15,8,70
2023-04-15,9,78
2023-04-15,10,96
2023-04-15,11,114
2023-04-15,12,127
2023-04-15,13,119
2023-04-15,14,122
2023-04-15,15,109
2023-04-15,16,114
2023-04-15,17,123
2023-04-15,18,119
2023-04-15,19,84
2023-04-15,20,71
2023-04-15,21,83
2023-04-15,22,83
2023-04-15,23,75
2023-04-16,0,53
2023-04-16,1,46
2023-04-16,2,38
2023-04-16,3,16
2023-04-16,4,9
2023-04-16,5,12
2023-04-16,6,14
2023-04-16,7,26
2023-04-16,8,40
2023-04-16,9,57
2023-04-16,10,71
2023-04-16,11,62
2023-04-16,12,84
2023-04-16,13,76
2023-04-16,14,71
2023-04-16,15,75
2023-04-16,16,62
2023-04-16,17,66
2023-04-16,18,65
2023-04-16,19,44
2023-04-16,20,36
2023-04-16,21,36
2023-04-16,22,26
2023-04-16,23,16
2023-04-17,0,4
2023-04-17,1,4
2023-04-17,2,4
2023-04-17,3,4
2023-04-17,4,4
2023-04-17,5,26
2023-04-17,6,31
2023-04-17,7,84
2023-04-17,8,101
2023-04-17,9,75
2023-04-17,10,56
2023-04-17,11,67
2023-04-17,12,76
2023-04-17,13,72
2023-04-17,14,52
2023-04-17,15,67
2023-04-17,16,76
2023-04-17,17,48
2023-04-17,18,52
2023-04-17,19,36
2023-04-17,20,36
2023-04-17,21,30
2023-04-17,22,21
2023-04-17,23,19
2023-04-18,0,10
2023-04-18,1,9
2023-04-18,2,7
2023-04-18,3,6
2023-04-18,4,7
2023-04-18,5,16
2023-04-18,6,39
2023-04-18,7,84
2023-04-18,8,110
2023-04-18,9,88
2023-04-18,10,72
2023-04-18,11,76
2023-04-18,12,79
2023-04-18,13,71
2023-04-18,14,62
2023-04-18,15,84
2023-04-18,16,73
2023-04-18,17,84
2023-04-18,18,65
2023-04-18,19,44
2023-04-18,20,36
2023-04-18,21,40
2023-04-18,22,31
2023-04-18,23,24
2023-04-19,0,19
2023-04-19,1,14
2023-04-19,2,15
2023-04-19,3,12
2023-04-19,4,13
2023-04-19,5,19
2023-04-19,6,68
2023-04-19,7,92
2023-04-19,8,109
2023-04-19,9,80
2023-04-19,10,66
2023-04-19,11,67
2023-04-19,12,72
2023-04-19,13,80
2023-04-19,14,76
2023-04-19,15,66
2023-04-19,16,97
2023-04-19,17,92
2023-04-19,18,76
2023-04-19,19,58
2023-04-19,20,40
2023-04-19,21,52
2023-04-19,22,41
2023-04-19,23,29
2023-04-20,0,19
2023-04-20,1,10
2023-04-20,2,12
2023-04-20,3,7
2023-04-20,4,10
2023-04-20,5,16
2023-04-20,6,56
2023-04-20,7,92
2023-04-20,8,116
2023-04-20,9,70
2023-04-20,10,83
2023-04-20,11,95
2023-04-20,12,92
2023-04-20,13,91
2023-04-20,14,69
2023-04-20,15,83
2023-04-20,16,92
2023-04-20,17,97
2023-04-20,18,76
2023-04-20,19,51
2023-04-20,20,62
2023-04-20,21,52
2023-04-20,22,57
2023-04-20,23,24
2023-04-21,0,25
2023-04-21,1,19
2023-04-21,2,12
2023-04-21,3,7
2023-04-21,4,9
2023-04-21,5,19
2023-04-21,6,35
2023-04-21,7,96
2023-04-21,8,104
2023-04-21,9,107
2023-04-21,10,86
2023-04-21,11,95
2023-04-21,12,95
2023-04-21,13,86
2023-04-21,14,88
2023-04-21,15,84
2023-04-21,16,114
2023-04-21,17,100
2023-04-21,18,111
2023-04-21,19,96
2023-04-21,20,84
2023-04-21,21,76
2023-04-21,22,80
2023-04-21,23,50
2023-04-22,0,43
2023-04-22,1,20
2023-04-22,2,24
2023-04-22,3,13
2023-04-22,4,10
2023-04-22,5,15
2023-04-22,6,19
2023-04-22,7,61
2023-04-22,8,66
2023-04-22,9,80
2023-04-22,10,101
2023-04-22,11,114
2023-04-22,12,123
2023-04-22,13,123
2023-04-22,14,122
2023-04-22,15,109
2023-04-22,16,114
2023-04-22,17,114
2023-04-22,18,123
2023-04-22,19,92
2023-04-22,20,80
2023-04-22,21,92
2023-04-24,9,88
2023-04-24,10,63
2023-04-24,11,68
2023-04-24,12,62
2023-04-24,13,67
2023-04-24,14,57
2023-04-24,15,62
2023-04-24,16,72
2023-04-24,17,57
2023-04-24,18,48
2023-04-24,19,36
2023-04-24,20,36
2023-04-24,21,31
2023-04-24,22,21
2023-04-24,23,16
2023-04-25,0,12
2023-04-25,1,5
2023-04-25,2,8
2023-04-25,3,4
2023-04-25,4,9
2023-04-25,5,28
2023-04-25,6,35
2023-04-25,7,89
2023-04-25,8,128
2023-04-25,9,88
2023-04-25,10,98
2023-04-25,11,82
2023-04-25,12,88
2023-04-25,13,73
2023-04-25,14,61
2023-04-25,15,76
2023-04-25,16,84
2023-04-25,17,58
2023-04-25,18,66
2023-04-25,19,44
2023-04-25,20,35
2023-04-25,21,40
2023-04-25,22,36
2023-04-25,23,21
2023-04-26,0,12
2023-04-26,1,15
2023-04-26,2,13
2023-04-26,3,4
2023-04-26,4,4
2023-04-26,5,12
2023-04-26,6,39
2023-04-26,7,97
2023-04-26,8,106
2023-04-26,9,84
2023-04-26,10,67
2023-04-26,11,80
2023-04-26,12,67
2023-04-26,13,76
2023-04-26,14,72
2023-04-26,15,89
2023-04-26,16,109
2023-04-26,17,92
2023-04-26,18,80
2023-04-26,19,49
2023-04-26,20,37
2023-04-26,21,49
2023-04-26,22,44
2023-04-26,23,22
2023-04-27,0,15
2023-04-27,1,16
2023-04-27,2,16
2023-04-27,3,12
2023-04-27,4,14
2023-04-27,5,27
2023-04-27,6,43
2023-04-27,7,103
2023-04-27,8,117
2023-04-27,9,102
2023-04-27,10,88
2023-04-27,11,106
2023-04-27,12,95
2023-04-27,13,87
2023-04-27,14,88
2023-04-27,15,88
2023-04-27,16,105
2023-04-27,17,134
2023-04-27,18,88
2023-04-27,19,72
2023-04-27,20,66
2023-04-27,21,52
2023-04-27,22,51
2023-04-27,23,37
2023-04-28,0,20
2023-04-28,1,27
2023-04-28,2,16
2023-04-28,3,15
2023-04-28,4,9
2023-04-28,5,26
2023-04-28,6,41
2023-04-28,7,79
2023-04-28,8,113
2023-04-28,9,94
2023-04-28,10,88
2023-04-28,11,116
2023-04-28,12,98
2023-04-28,13,96
2023-04-28,14,92
2023-04-28,15,92
2023-04-28,16,113
2023-04-28,17,110
2023-04-28,18,123
2023-04-28,19,105
2023-04-28,20,86
2023-04-28,21,80
2023-04-28,22,92
2023-04-28,23,63
2023-04-29,0,63
2023-04-29,1,47
2023-04-29,2,36
2023-04-29,3,21
2023-04-29,4,8
2023-04-29,5,15
2023-04-29,6,21
2023-04-29,7,66
2023-04-29,8,70
2023-04-29,9,80
2023-04-29,10,97
2023-04-29,11,113
2023-04-29,12,123
2023-04-29,13,119
2023-04-29,14,126
2023-04-29,15,128
2023-04-29,16,128
2023-04-29,17,128
2023-04-29,18,128
2023-04-29,19,88
2023-04-29,20,76
2023-04-29,21,88
2023-04-29,22,90
2023-04-29,23,68
2023-04-30,0,69
2023-04-30,1,59
2023-04-30,2,43
2023-04-30,3,16
2023-04-30,4,6
2023-04-30,5,12
2023-04-30,6,12
2023-04-30,7,26
2023-04-30,8,44
2023-04-30,9,57
2023-04-30,10,71
2023-04-30,11,72
2023-04-30,12,81
2023-04-30,13,76
2023-04-30,14,71
2023-04-30,15,74
2023-04-30,16,66
2023-04-30,17,62
2023-04-30,18,67
2023-04-30,19,44
2023-04-30,20,36
2023-04-30,21,36
2023-04-30,22,31
2023-04-30,23,33
2023-05-01,0,30
2023-05-01,1,29
2023-05-01,2,19
2023-05-01,3,12
2023-05-01,4,9
2023-05-01,5,12
2023-05-01,6,34
2023-05-01,7,75
2023-05-01,8,84
2023-05-01,9,72
2023-05-01,10,57
2023-05-01,11,57
2023-05-01,12,67
2023-05-01,13,67
2023-05-01,14,48
2023-05-01,15,62
2023-05-01,16,70
2023-05-01,17,52
2023-05-01,18,51
2023-05-01,19,36
2023-05-01,20,36
2023-05-01,21,31
2023-05-01,22,26
2023-05-01,23,14
2023-05-02,0,20
2023-05-02,1,1
2023-05-02,2,6
2023-05-02,3,7
2023-05-02,4,5
2023-05-02,5,16
2023-05-02,6,44
2023-05-02,7,84
2023-05-02,8,114
2023-05-02,9,88
2023-05-02,10,71
2023-05-02,11,80
2023-05-02,12,79
2023-05-02,13,71
2023-05-02,14,57
2023-05-02,15,76
2023-05-02,16,107
2023-05-02,17,91
2023-05-02,18,66
2023-05-02,19,40
2023-05-02,20,36
2023-05-02,21,36
2023-05-02,22,31
2023-05-02,23,19
2023-05-03,0,13
2023-05-03,1,12
2023-05-03,2,13
2023-05-03,3,8
2023-05-03,4,9
2023-05-03,5,21
2023-05-03,6,51
2023-05-03,7,103
2023-05-03,8,115
2023-05-03,9,72
2023-05-03,10,62
2023-05-03,11,76
2023-05-03,12,76
2023-05-03,13,69
2023-05-03,14,76
2023-05-03,15,84
2023-05-03,16,96
2023-05-03,17,91
2023-05-03,18,76
2023-05-03,19,52
2023-05-03,20,36
2023-05-03,21,48
2023-05-03,22,45
2023-05-03,23,27
2023-05-04,0,13
2023-05-04,1,13
2023-05-04,2,10
2023-05-04,3,14
2023-05-04,4,9
2023-05-04,5,21
2023-05-04,6,57
2023-05-04,7,125
2023-05-04,8,127
2023-05-04,9,77
2023-05-04,10,78
2023-05-04,11,106
2023-05-04,12,98
2023-05-04,13,88
2023-05-04,14,83
2023-05-04,15,77
2023-05-04,16,100
2023-05-04,17,105
2023-05-04,18,88
2023-05-04,19,67
2023-05-04,20,71
2023-05-04,21,52
2023-05-04,22,46
2023-05-04,23,41
2023-05-05,0,24
2023-05-05,1,14
2023-05-05,2,16
2023-05-05,3,10
2023-05-05,4,5
2023-05-05,5,22
2023-05-05,6,42
2023-05-05,7,92
2023-05-05,8,114
2023-05-05,9,100
2023-05-05,10,96
2023-05-05,11,85
2023-05-05,12,102
2023-05-05,13,96
2023-05-05,14,88
2023-05-05,15,92
2023-05-05,16,115
2023-05-05,17,110
2023-05-05,18,115
2023-05-05,19,82
2023-05-05,20,84
2023-05-05,21,75
2023-05-05,22,91
2023-05-05,23,67
2023-05-06,0,45
2023-05-06,1,40
2023-05-06,2,40
2023-05-06,3,24
2023-05-06,4,9
2023-05-06,5,11
2023-05-06,6,23
2023-05-06,7,66
2023-05-06,8,66
2023-05-06,9,80
2023-05-06,10,96
2023-05-06,11,51
2023-05-06,12,71
2023-05-06,13,107
2023-05-06,14,118
2023-05-06,15,119
2023-05-06,16,123
2023-05-06,17,119
2023-05-06,18,114
2023-05-06,19,95
2023-05-06,20,81
2023-05-06,21,80
2023-05-06,22,100
2023-05-06,23,70
2023-05-07,0,61
2023-05-07,1,53
2023-05-07,2,41
2023-05-07,3,19
2023-05-07,4,14
2023-05-07,5,11
2023-05-07,6,12
2023-05-07,7,26
2023-05-07,8,40
2023-05-07,9,57
2023-05-07,10,71
2023-05-07,11,75
2023-05-07,12,88
2023-05-07,13,76
2023-05-07,14,71
2023-05-07,15,75
2023-05-07,16,66
2023-05-07,17,71
2023-05-07,18,67
2023-05-07,19,48
2023-05-07,20,36
2023-05-07,21,36
2023-05-07,22,32
2023-05-07,23,43
2023-05-08,0,33
2023-05-08,1,21
2023-05-08,2,21
2023-05-08,3,11
2023-05-08,4,11
2023-05-08,5,19
2023-05-08,6,32
2023-05-08,7,80
2023-05-08,8,97
2023-05-08,9,71
2023-05-08,10,62
2023-05-08,11,62
2023-05-08,12,70
2023-05-08,13,72
2023-05-08,14,57
2023-05-08,15,62
2023-05-08,16,67
2023-05-08,17,48
2023-05-08,18,48
2023-05-08,19,36
2023-05-08,20,36
2023-05-08,21,31
2023-05-08,22,26
2023-05-08,23,13
2023-05-09,0,13
2023-05-09,1,11
2023-05-09,2,8
2023-05-09,3,9
2023-05-09,4,11
2023-05-09,5,24
2023-05-09,6,68
2023-05-09,7,108
2023-05-09,8,111
2023-05-09,9,100
2023-05-09,10,80
2023-05-09,11,94
2023-05-09,12,84
2023-05-09,13,88
2023-05-09,14,82
2023-05-09,15,72
2023-05-09,16,84
2023-05-09,17,76
2023-05-09,18,66
2023-05-09,19,44
2023-05-09,20,36
2023-05-09,21,40
2023-05-09,22,36
2023-05-09,23,26
2023-05-10,0,19
2023-05-10,1,13
2023-05-10,2,11
2023-05-10,3,8
2023-05-10,4,13
2023-05-10,5,21
2023-05-10,6,55
2023-05-10,7,107
2023-05-10,8,110
2023-05-10,9,80
2023-05-10,10,67
2023-05-10,11,104
2023-05-10,12,94
2023-05-10,13,70
2023-05-10,14,76
2023-05-10,15,88
2023-05-10,16,97
2023-05-10,17,92
2023-05-10,18,76
2023-05-10,19,50
2023-05-10,20,42
2023-05-10,21,43
2023-05-10,22,45
2023-05-10,23,37
2023-05-11,0,18
2023-05-11,1,13
2023-05-11,2,10
2023-05-11,3,11
2023-05-11,4,14
2023-05-11,5,21
2023-05-11,6,49
2023-05-11,7,106
2023-05-11,8,119
2023-05-11,9,100
2023-05-11,10,92
2023-05-11,11,96
2023-05-11,12,97
2023-05-11,13,88
2023-05-11,14,88
2023-05-11,15,84
2023-05-11,16,105
2023-05-11,17,101
2023-05-11,18,93
2023-05-11,19,63
2023-05-11,20,51
2023-05-11,21,52
2023-05-11,22,47
2023-05-11,23,39
2023-05-12,0,24
2023-05-12,1,19
2023-05-12,2,11
2023-05-12,3,8
2023-05-12,4,10
2023-05-12,5,18
2023-05-12,6,43
2023-05-12,7,99
2023-05-12,8,105
2023-05-12,9,88
2023-05-12,10,92
2023-05-12,11,100
2023-05-12,12,86
2023-05-12,13,96
2023-05-12,14,96
2023-05-12,15,88
2023-05-12,16,118
2023-05-12,17,94
2023-05-12,18,114
2023-05-12,19,89
2023-05-12,20,69
2023-05-12,21,61
2023-05-12,22,97
2023-05-12,23,49
2023-05-13,0,48
2023-05-13,1,32
2023-05-13,2,25
2023-05-13,3,14
2023-05-13,4,9
2023-05-13,5,14
2023-05-13,6,16
2023-05-13,7,66
2023-05-13,8,66
2023-05-13,9,71
2023-05-13,10,86
2023-05-13,11,100
2023-05-13,12,110
2023-05-13,13,114
2023-05-13,14,118
2023-05-13,15,109
2023-05-13,16,109
2023-05-13,17,115
2023-05-13,18,116
2023-05-13,19,89
2023-05-13,20,76
2023-05-13,21,101
2023-05-13,22,109
2023-05-13,23,60
2023-05-14,0,46
2023-05-14,1,47
2023-05-14,2,43
2023-05-14,3,32
2023-05-14,4,7
2023-05-14,5,5
2023-05-14,6,21
2023-05-14,7,40
2023-05-14,8,52
2023-05-14,9,72
2023-05-14,10,88
2023-05-14,11,88
2023-05-14,12,104
2023-05-14,13,96
2023-05-14,14,97
2023-05-14,15,110
2023-05-14,16,79
2023-05-14,17,80
2023-05-14,18,80
2023-05-14,19,62
2023-05-15,8,104
2023-05-15,9,87
2023-05-15,10,80
2023-05-15,11,84
2023-05-15,12,86
2023-05-15,13,80
2023-05-15,14,72
2023-05-15,15,92
2023-05-15,16,88
2023-05-15,17,57
2023-05-15,18,72
2023-05-15,19,52
2023-05-15,20,48
2023-05-15,21,44
2023-05-15,22,36
2023-05-15,23,16
2023-05-16,0,12
2023-05-16,1,8
2023-05-16,2,8
2023-05-16,3,3
2023-05-16,4,7
2023-05-16,5,26
2023-05-16,6,60
2023-05-16,7,116
2023-05-16,8,142
2023-05-16,9,107
2023-05-16,10,82
2023-05-16,11,97
2023-05-16,12,86
2023-05-16,13,84
2023-05-16,14,80
2023-05-16,15,80
2023-05-16,16,97
2023-05-16,17,89
2023-05-16,18,86
2023-05-16,19,54
2023-05-16,20,52
2023-05-16,21,48
2023-05-16,22,36
2023-05-16,23,32
2023-05-17,0,16
2023-05-17,1,15
2023-05-17,2,13
2023-05-17,3,4
2023-05-17,4,10
2023-05-17,5,23
2023-05-17,6,42
2023-05-17,7,103
2023-05-17,8,136
2023-05-17,9,90
2023-05-17,10,81
2023-05-17,11,81
2023-05-17,12,84
2023-05-17,13,81
2023-05-17,14,76
2023-05-17,15,84
2023-05-17,16,100
2023-05-17,17,92
2023-05-17,18,80
2023-05-17,19,48
2023-05-17,20,40
2023-05-17,21,48
2023-05-17,22,40
2023-05-17,23,35
2023-05-18,0,18
2023-05-18,1,7
2023-05-18,2,23
2023-05-18,3,10
2023-05-18,4,12
2023-05-18,5,27
2023-05-18,6,58
2023-05-18,7,116
2023-05-18,8,132
2023-05-18,9,113
2023-05-18,10,100
2023-05-18,11,102
2023-05-18,12,105
2023-05-18,13,96
2023-05-18,14,96
2023-05-18,15,87
2023-05-18,16,74
2023-05-18,17,101
2023-05-18,18,84
2023-05-18,19,67
2023-05-18,20,57
2023-05-18,21,52
2023-05-18,22,49
2023-05-18,23,36
2023-05-19,0,21
2023-05-19,1,16
2023-05-19,2,16
2023-05-19,3,12
2023-05-19,4,11
2023-05-19,5,21
2023-05-19,6,40
2023-05-19,7,97
2023-05-19,8,119
2023-05-19,9,96
2023-05-19,10,82
2023-05-19,11,100
2023-05-19,12,101
2023-05-19,13,100
2023-05-19,14,89
2023-05-19,15,76
2023-05-19,16,116
2023-05-19,17,105
2023-05-19,18,112
2023-05-19,19,96
2023-05-19,20,86
2023-05-19,21,76
2023-05-19,22,51
2023-05-19,23,74
2023-05-20,0,55
2023-05-20,1,30
2023-05-20,2,28
2023-05-20,3,21
2023-05-20,4,9
2023-05-20,5,12
2023-05-20,6,26
2023-05-20,7,66
2023-05-20,8,70
2023-05-20,9,80
2023-05-20,10,101
2023-05-20,11,100
2023-05-20,12,114
2023-05-20,13,116
2023-05-20,14,127
2023-05-20,15,119
2023-05-20,16,133
2023-05-20,17,94
2023-05-20,18,134
2023-05-20,19,96
2023-05-20,20,92
2023-05-20,21,105
2023-05-20,22,111
2023-05-20,23,96
2023-05-21,0,73
2023-05-21,1,44
2023-05-21,2,42
2023-05-21,3,18
2023-05-21,4,5
2023-05-21,5,7
2023-05-21,6,24
2023-05-21,7,40
2023-05-21,8,53
2023-05-21,9,80
2023-05-21,10,96
2023-05-21,11,92
2023-05-21,12,119
2023-05-21,13,101
2023-05-21,14,106
2023-05-21,15,97
2023-05-21,16,88
2023-05-21,17,84
2023-05-21,18,84
2023-05-21,19,53
2023-05-21,20,40
2023-05-21,21,44
2023-05-21,22,40
2023-05-21,23,28
2023-05-22,0,17
2023-05-22,1,14
2023-05-22,2,5
2023-05-22,3,6
2023-05-22,4,13
2023-05-22,5,18
2023-05-22,6,51
2023-05-22,7,104
2023-05-22,8,132
2023-05-22,9,101
2023-05-22,10,58
2023-05-22,11,76
2023-05-22,12,84
2023-05-22,13,84
2023-05-22,14,67
2023-05-22,15,80
2023-05-22,16,88
2023-05-22,17,61
2023-05-22,18,72
2023-05-22,19,42
2023-05-22,20,40
2023-05-22,21,44
2023-05-22,22,32
2023-05-22,23,22
2023-05-23,0,8
2023-05-23,1,5
2023-05-23,2,12
2023-05-23,3,13
2023-05-23,4,17
2023-05-23,5,21
2023-05-23,6,53
2023-05-23,7,101
2023-05-23,8,132
2023-05-23,9,100
2023-05-23,10,85
2023-05-23,11,92
2023-05-23,12,97
2023-05-23,13,88
2023-05-23,14,80
2023-05-23,15,83
2023-05-23,16,92
2023-05-23,17,88
2023-05-23,18,84
2023-05-23,19,53
2023-05-23,20,52
2023-05-23,21,57
2023-05-23,22,48
2023-05-23,23,28
2023-05-24,0,13
2023-05-24,1,10
2023-05-24,2,10
2023-05-24,3,6
2023-05-24,4,10
2023-05-24,5,14
2023-05-24,6,47
2023-05-24,7,127
2023-05-24,8,122
2023-05-24,9,92
2023-05-24,10,75
2023-05-24,11,88
2023-05-24,12,84
2023-05-24,13,80
2023-05-24,14,76
2023-05-24,15,80
2023-05-24,16,96
2023-05-24,17,92
2023-05-24,18,84
2023-05-24,19,53
2023-05-24,20,40
2023-05-24,21,48
2023-05-24,22,44
2023-05-24,23,34
2023-05-25,0,21
2023-05-25,1,15
2023-05-25,2,12
2023-05-25,3,13
2023-05-25,4,7
2023-05-25,5,17
2023-05-25,6,46
2023-05-25,7,96
2023-05-25,8,118
2023-05-25,9,90
2023-05-25,10,84
2023-05-25,11,100
2023-05-25,12,70
2023-05-25,13,88
2023-05-25,14,82
2023-05-25,15,80
2023-05-25,16,105
2023-05-25,17,114
2023-05-25,18,88
2023-05-25,19,67
2023-05-25,20,67
2023-05-25,21,57
2023-05-25,22,58
2023-05-25,23,40
2023-05-26,0,26
2023-05-26,1,16
2023-05-26,2,16
2023-05-26,3,12
2023-05-26,4,8
2023-05-26,5,16
2023-05-26,6,61
2023-05-26,7,103
2023-05-26,8,113
2023-05-26,9,92
2023-05-26,10,92
2023-05-26,11,105
2023-05-26,12,94
2023-05-26,13,101
2023-05-26,14,96
2023-05-26,15,80
2023-05-26,16,109
2023-05-26,17,101
2023-05-26,18,107
2023-05-26,19,80
2023-05-26,20,80
2023-05-26,21,72
2023-05-26,22,73
2023-05-26,23,75
2023-05-27,0,60
2023-05-27,1,32
2023-05-27,2,19
2023-05-27,3,13
2023-05-27,4,9
2023-05-27,5,21
2023-05-27,6,29
2023-05-27,7,66
2023-05-27,8,66
2023-05-27,9,76
2023-05-27,10,77
2023-05-27,11,96
2023-05-27,12,118
2023-05-27,13,113
2023-05-27,14,128
2023-05-27,15,119
2023-05-27,16,128
2023-05-27,17,119
2023-05-27,18,125
2023-05-27,19,88
2023-05-27,20,92
2023-05-27,21,105
2023-05-27,22,120
2023-05-27,23,105
2023-05-28,0,70
2023-05-28,1,40
2023-05-28,2,42
2023-05-28,3,24
2023-05-28,4,8
2023-05-28,5,7
2023-05-28,6,28
2023-05-28,7,36
2023-05-28,8,48
2023-05-28,9,76
2023-05-28,10,88
2023-05-28,11,84
2023-05-28,12,100
2023-05-28,13,92
2023-05-28,14,92
2023-05-28,15,93
2023-05-28,16,84
2023-05-28,17,74
2023-05-28,18,92
2023-05-28,19,63
2023-05-28,20,48
2023-05-28,21,44
2023-05-28,22,45
2023-05-28,23,35
2023-05-29,0,21
2023-05-29,1,21
2023-05-29,2,17
2023-05-29,3,11
2023-05-29,4,10
2023-05-29,5,16
2023-05-29,6,44
2023-05-29,7,109
2023-05-29,8,111
2023-05-29,9,88
2023-05-29,10,71
2023-05-29,11,76
2023-05-29,12,84
2023-05-29,13,79
2023-05-29,14,67
2023-05-29,15,74
2023-05-29,16,88
2023-05-29,17,58
2023-05-29,18,72
2023-05-29,19,48
2023-05-29,20,44
2023-05-29,21,44
2023-05-29,22,36
2023-05-29,23,21
2023-05-30,0,12
2023-05-30,1,8
2023-05-30,2,12
2023-05-30,3,0
2023-05-30,4,16
2023-05-30,5,21
2023-05-30,6,61
2023-05-30,7,110
2023-05-30,8,123
2023-05-30,9,96
2023-05-30,10,90
2023-05-30,11,81
2023-05-30,12,97
2023-05-30,13,83
2023-05-30,14,76
2023-05-30,15,84
2023-05-30,16,105
2023-05-30,17,84
2023-05-30,18,80
2023-05-30,19,57
2023-05-30,20,52
2023-05-30,21,48
2023-05-30,22,36
2023-05-30,23,32
2023-05-31,0,20
2023-05-31,1,14
2023-05-31,2,13
2023-05-31,3,2
2023-05-31,4,8
2023-05-31,5,21
2023-05-31,6,53
2023-05-31,7,112
2023-05-31,8,114
2023-05-31,9,91
2023-05-31,10,79
2023-05-31,11,108
2023-05-31,12,88
2023-05-31,13,80
2023-05-31,14,70
2023-05-31,15,75
2023-05-31,16,101
2023-05-31,17,92
2023-05-31,18,75
2023-05-31,19,48
2023-05-31,20,36
2023-05-31,21,44
2023-05-31,22,44
2023-05-31,23,24
2023-06-01,0,19
2023-06-01,1,10
2023-06-01,2,16
2023-06-01,3,12
2023-06-01,4,12
2023-06-01,5,18
2023-06-01,6,49
2023-06-01,7,101
2023-06-01,8,111
2023-06-01,9,96
2023-06-01,10,90
2023-06-01,11,92
2023-06-01,12,96
2023-06-01,13,84
2023-06-01,14,75
2023-06-01,15,80
2023-06-01,16,97
2023-06-01,17,101
2023-06-01,18,80
2023-06-01,19,67
2023-06-01,20,73
2023-06-01,21,52
2023-06-01,22,53
2023-06-01,23,36
2023-06-02,0,26
2023-06-02,1,16
2023-06-02,2,16
2023-06-02,3,12
2023-06-02,4,8
2023-06-02,5,16
2023-06-02,6,39
2023-06-02,7,92
2023-06-02,8,109
2023-06-02,9,96
2023-06-02,10,89
2023-06-02,11,92
2023-06-02,12,88
2023-06-02,13,100
2023-06-02,14,88
2023-06-02,15,89
2023-06-02,16,100
2023-06-02,17,90
2023-06-02,18,110
2023-06-02,19,88
2023-06-02,20,80
2023-06-02,21,46
2023-06-02,22,62
2023-06-02,23,62
2023-06-03,0,46
2023-06-03,1,43
2023-06-03,2,28
2023-06-03,3,13
2023-06-03,4,8
2023-06-03,5,19
2023-06-03,6,24
2023-06-03,7,70
2023-06-03,8,66
2023-06-03,9,76
2023-06-03,10,92
2023-06-03,11,98
2023-06-03,12,105
2023-06-03,13,110
2023-06-03,14,122
2023-06-03,15,109
2023-06-03,16,119
2023-06-03,17,114
2023-06-03,18,119
2023-06-03,19,84
2023-06-03,20,88
2023-06-03,21,96
2023-06-03,22,84
2023-06-03,23,56
2023-06-04,0,44
2023-06-04,1,31
2023-06-04,2,29
2023-06-04,3,25
2023-06-04,4,9
2023-06-04,5,11
2023-06-04,6,22
2023-06-04,7,36
2023-06-04,8,48
2023-06-04,9,76
2023-06-04,10,88
2023-06-04,11,88
2023-06-04,12,109
2023-06-04,13,87
2023-06-04,14,100
2023-06-04,15,84
2023-06-04,16,93
2023-06-04,17,76
2023-06-04,18,80
2023-06-04,19,58
2023-06-04,20,40
2023-06-04,21,44
2023-06-04,22,39
2023-06-04,23,31
2023-06-05,0,15
2023-06-05,1,10
2023-06-05,2,10
2023-06-05,3,11
2023-06-05,4,5
2023-06-05,5,18
2023-06-05,6,49
2023-06-05,7,123
2023-06-05,8,118
2023-06-05,9,113
2023-06-05,10,76
2023-06-05,11,84
2023-06-05,12,84
2023-06-05,13,76
2023-06-05,14,65
2023-06-05,15,76
2023-06-05,16,88
2023-06-05,17,61
2023-06-05,18,76
2023-06-05,19,48
2023-06-05,20,44
2023-06-05,21,48
2023-06-05,22,36
2023-06-05,23,34
2023-06-06,0,11
2023-06-06,1,1
2023-06-06,2,12
2023-06-06,3,6
2023-06-06,4,10
2023-06-06,5,21
2023-06-06,6,46
2023-06-06,7,105
2023-06-06,8,136
2023-06-06,9,105
2023-06-06,10,76
2023-06-06,11,92
2023-06-06,12,101
2023-06-06,13,88
2023-06-06,14,76
2023-06-06,15,84
2023-06-06,16,92
2023-06-06,17,85
2023-06-06,18,80
2023-06-06,19,53
2023-06-06,20,52
2023-06-06,21,52
2023-06-06,22,44
2023-06-06,23,28
2023-06-07,0,19
2023-06-07,1,14
2023-06-07,2,14
2023-06-07,3,4
2023-06-07,4,9
2023-06-07,5,19
2023-06-07,6,67
2023-06-07,7,103
2023-06-07,8,109
2023-06-07,9,88
2023-06-07,10,79
2023-06-07,11,88
2023-06-07,12,88
2023-06-07,13,72
2023-06-07,14,76
2023-06-07,15,84
2023-06-07,16,94
2023-06-07,17,88
2023-06-07,18,76
2023-06-07,19,48
2023-06-07,20,36
2023-06-07,21,48
2023-06-07,22,43
2023-06-07,23,31
2023-06-08,0,14
2023-06-08,1,5
2023-06-08,2,14
2023-06-08,3,13
2023-06-08,4,8
2023-06-08,5,24
2023-06-08,6,44
2023-06-08,7,96
2023-06-08,8,113
2023-06-08,9,95
2023-06-08,10,122
2023-06-08,11,89
2023-06-08,12,66
2023-06-08,13,82
2023-06-08,14,74
2023-06-08,15,80
2023-06-08,16,97
2023-06-08,17,93
2023-06-08,18,84
2023-06-08,19,67
2023-06-08,20,57
2023-06-08,21,52
2023-06-08,22,53
2023-06-08,23,40
2023-06-09,0,21
2023-06-09,1,16
2023-06-09,2,16
2023-06-09,3,12
2023-06-09,4,9
2023-06-09,5,19
2023-06-09,6,49
2023-06-09,7,92
2023-06-09,8,123
2023-06-09,9,94
2023-06-09,10,82
2023-06-09,11,96
2023-06-09,12,96
2023-06-09,13,100
2023-06-09,14,92
2023-06-09,15,87
2023-06-09,16,104
2023-06-09,17,96
2023-06-09,18,103
2023-06-09,19,88
2023-06-09,20,76
2023-06-09,21,62
2023-06-09,22,74
2023-06-09,23,72
2023-06-10,0,52
2023-06-10,1,31
2023-06-10,2,21
2023-06-10,3,14
2023-06-10,4,7
2023-06-10,5,19
2023-06-10,6,20
2023-06-10,7,30
2023-06-10,8,46
2023-06-10,9,60
2023-06-10,10,63
2023-06-10,11,78
2023-06-10,12,84
2023-06-10,13,119
2023-06-10,14,114
2023-06-10,15,114
2023-06-10,16,113
2023-06-10,17,100
2023-06-10,18,114
2023-06-10,19,92
2023-06-10,20,88
2023-06-10,21,106
2023-06-10,22,92
2023-06-10,23,70
2023-06-11,0,45
2023-06-11,1,31
2023-06-11,2,24
2023-06-11,3,18
2023-06-11,4,17
2023-06-11,5,10
2023-06-11,6,21
2023-06-11,7,40
2023-06-11,8,48
2023-06-11,9,80
2023-06-11,10,88
2023-06-11,11,88
2023-06-11,12,100
2023-06-11,13,96
2023-06-11,14,88
2023-06-11,15,93
2023-06-11,16,80
2023-06-11,17,75
2023-06-11,18,84
2023-06-11,19,58
2023-06-11,20,43
2023-06-11,21,44
2023-06-11,22,41
2023-06-11,23,32
2023-06-12,0,15
2023-06-12,1,16
2023-06-12,2,11
2023-06-12,3,2
2023-06-12,4,16
2023-06-12,5,18
2023-06-12,6,59
2023-06-12,7,81
2023-06-12,8,124
2023-06-12,9,92
2023-06-12,10,75
2023-06-12,11,84
2023-06-12,12,84
2023-06-12,13,76
2023-06-12,14,67
2023-06-12,15,76
2023-06-12,16,88
2023-06-12,17,61
2023-06-12,18,67
2023-06-12,19,37
2023-06-12,20,44
2023-06-12,21,44
2023-06-12,22,36
2023-06-12,23,25
2023-06-13,0,17
2023-06-13,1,7
2023-06-13,2,7
2023-06-13,3,4
2023-06-13,4,9
2023-06-13,5,22
2023-06-13,6,57
2023-06-13,7,105
2023-06-13,8,141
2023-06-13,9,96
2023-06-13,10,76
2023-06-13,11,88
2023-06-13,12,93
2023-06-13,13,80
2023-06-13,14,84
2023-06-13,15,88
2023-06-13,16,96
2023-06-13,17,84
2023-06-13,18,80
2023-06-13,19,57
2023-06-13,20,52
2023-06-13,21,52
2023-06-13,22,40
2023-06-13,23,30
2023-06-14,0,12
2023-06-14,1,12
2023-06-14,2,9
2023-06-14,3,5
2023-06-14,4,11
2023-06-14,5,21
2023-06-14,6,61
2023-06-14,7,112
2023-06-14,8,91
2023-06-14,9,86
2023-06-14,10,84
2023-06-14,11,92
2023-06-14,12,87
2023-06-14,13,69
2023-06-14,14,72
2023-06-14,15,80
2023-06-14,16,91
2023-06-14,17,76
2023-06-14,18,72
2023-06-14,19,53
2023-06-14,20,41
2023-06-14,21,48
2023-06-14,22,44
2023-06-14,23,32
2023-06-15,0,16
2023-06-15,1,10
2023-06-15,2,15
2023-06-15,3,3
2023-06-15,4,8
2023-06-15,5,15
2023-06-15,6,53
2023-06-15,7,102
2023-06-15,8,136
2023-06-15,9,100
2023-06-15,10,119
2023-06-15,11,109
2023-06-15,12,105
2023-06-15,13,90
2023-06-15,14,68
2023-06-15,15,99
2023-06-15,16,96
2023-06-15,17,89
2023-06-15,18,88
2023-06-15,19,67
2023-06-15,20,72
2023-06-15,21,57
2023-06-15,22,49
2023-06-15,23,44
2023-06-16,0,26
2023-06-16,1,16
2023-06-16,2,16
2023-06-16,3,12
2023-06-16,4,8
2023-06-16,5,21
2023-06-16,6,44
2023-06-16,7,100
2023-06-16,8,110
2023-06-16,9,73
2023-06-16,10,94
2023-06-16,11,96
2023-06-16,12,92
2023-06-16,13,96
2023-06-16,14,96
2023-06-16,15,80
2023-06-16,16,109
2023-06-16,17,101
2023-06-16,18,120
2023-06-16,19,100
2023-06-16,20,80
2023-06-16,21,62
2023-06-16,22,65
2023-06-16,23,56
2023-06-17,0,38
2023-06-17,1,36
2023-06-17,2,28
2023-06-17,3,5
2023-06-17,4,4
2023-06-17,5,9
2023-06-17,6,19
2023-06-17,7,53
2023-06-17,8,71
2023-06-17,9,67
2023-06-17,10,88
2023-06-17,11,100
2023-06-17,12,113
2023-06-17,13,106
2023-06-17,14,118
2023-06-17,15,119
2023-06-17,16,128
2023-06-17,17,109
2023-06-17,18,123
2023-06-17,19,92
2023-06-17,20,76
2023-06-17,21,73
2023-06-17,22,69
2023-06-17,23,72
2023-06-18,0,55
2023-06-18,1,37
2023-06-18,2,33
2023-06-18,3,20
2023-06-18,4,4
2023-06-18,5,13
2023-06-18,6,20
2023-06-18,7,44
2023-06-18,8,58
2023-06-18,9,80
2023-06-18,10,101
2023-06-18,11,101
2023-06-18,12,114
2023-06-18,13,100
2023-06-18,14,101
2023-06-18,15,93
2023-06-18,16,96
2023-06-19,7,104
2023-06-19,8,133
2023-06-19,9,96
2023-06-19,10,76
2023-06-19,11,84
2023-06-19,12,84
2023-06-19,13,84
2023-06-19,14,64
2023-06-19,15,80
2023-06-19,16,90
2023-06-19,17,61
2023-06-19,18,71
2023-06-19,19,44
2023-06-19,20,44
2023-06-19,21,44
2023-06-19,22,35
2023-06-19,23,15
2023-06-20,0,13
2023-06-20,1,11
2023-06-20,2,5
2023-06-20,3,2
2023-06-20,4,12
2023-06-20,5,23
2023-06-20,6,38
2023-06-20,7,74
2023-06-20,8,136
2023-06-20,9,98
2023-06-20,10,88
2023-06-20,11,88
2023-06-20,12,96
2023-06-20,13,84
2023-06-20,14,72
2023-06-20,15,80
2023-06-20,16,96
2023-06-20,17,96
2023-06-20,18,89
2023-06-20,19,56
2023-06-20,20,51
2023-06-20,21,52
2023-06-20,22,45
2023-06-20,23,25
2023-06-21,0,26
2023-06-21,1,11
2023-06-21,2,14
2023-06-21,3,7
2023-06-21,4,9
2023-06-21,5,15
2023-06-21,6,53
2023-06-21,7,114
2023-06-21,8,108
2023-06-21,9,92
2023-06-21,10,80
2023-06-21,11,79
2023-06-21,12,77
2023-06-21,13,76
2023-06-21,14,76
2023-06-21,15,88
2023-06-21,16,100
2023-06-21,17,84
2023-06-21,18,71
2023-06-21,19,57
2023-06-21,20,40
2023-06-21,21,48
2023-06-21,22,45
2023-06-21,23,22
2023-06-22,0,17
2023-06-22,1,5
2023-06-22,2,10
2023-06-22,3,2
2023-06-22,4,9
2023-06-22,5,20
2023-06-22,6,50
2023-06-22,7,105
2023-06-22,8,123
2023-06-22,9,99
2023-06-22,10,118
2023-06-22,11,92
2023-06-22,12,100
2023-06-22,13,91
2023-06-22,14,80
2023-06-22,15,82
2023-06-22,16,92
2023-06-22,17,98
2023-06-22,18,88
2023-06-22,19,62
2023-06-22,20,65
2023-06-22,21,52
2023-06-22,22,50
2023-06-22,23,40
2023-06-23,0,31
2023-06-23,1,16
2023-06-23,2,16
2023-06-23,3,14
2023-06-23,4,9
2023-06-23,5,16
2023-06-23,6,44
2023-06-23,7,96
2023-06-23,8,114
2023-06-23,9,92
2023-06-23,10,95
2023-06-23,11,100
2023-06-23,12,61
2023-06-23,13,91
2023-06-23,14,103
2023-06-23,15,92
2023-06-23,16,119
2023-06-23,17,105
2023-06-23,18,152
2023-06-23,19,96
2023-06-23,20,88
2023-06-23,21,72
2023-06-23,22,60
2023-06-23,23,65
2023-06-24,0,46
2023-06-24,1,29
2023-06-24,2,19
2023-06-24,3,8
2023-06-24,4,7
2023-06-24,5,7
2023-06-24,6,24
2023-06-24,7,53
2023-06-24,8,66
2023-06-24,9,71
2023-06-24,10,79
2023-06-24,11,87
2023-06-24,12,71
2023-06-24,13,113
2023-06-24,14,118
2023-06-24,15,119
2023-06-24,16,123
2023-06-24,17,114
2023-06-24,18,88
2023-06-24,19,73
2023-06-24,20,71
2023-06-24,21,63
2023-06-24,22,77
2023-06-24,23,69
2023-06-25,0,49
2023-06-25,1,36
2023-06-25,2,35
2023-06-25,3,15
2023-06-25,4,5
2023-06-25,5,7
2023-06-25,6,21
2023-06-25,7,40
2023-06-25,8,48
2023-06-25,9,72
2023-06-25,10,88
2023-06-25,11,80
2023-06-25,12,114
2023-06-25,13,77
2023-06-25,14,97
2023-06-25,15,104
2023-06-25,16,96
2023-06-25,17,101
2023-06-25,18,92
2023-06-25,19,67
2023-06-25,20,35
2023-06-25,21,40
2023-06-25,22,48
2023-06-25,23,85
2023-06-26,0,28
2023-06-26,1,18
2023-06-26,2,10
2023-06-26,3,17
2023-06-26,4,16
2023-06-26,5,17
2023-06-26,6,43
2023-06-26,7,96
2023-06-26,8,123
2023-06-26,9,78
2023-06-26,10,74
2023-06-26,11,83
2023-06-26,12,58
2023-06-26,13,72
2023-06-26,14,67
2023-06-26,15,75
2023-06-26,16,84
2023-06-26,17,66
2023-06-26,18,55
2023-06-26,19,41
2023-06-26,20,44
2023-06-26,21,44
2023-06-26,22,33
2023-06-26,23,24
2023-06-27,0,16
2023-06-27,1,11
2023-06-27,2,11
2023-06-27,3,5
2023-06-27,4,12
2023-06-27,5,29
2023-06-27,6,49
2023-06-27,7,105
2023-06-27,8,129
2023-06-27,9,101
2023-06-27,10,84
2023-06-27,11,92
2023-06-27,12,96
2023-06-27,13,92
2023-06-27,14,84
2023-06-27,15,93
2023-06-27,16,107
2023-06-27,17,90
2023-06-27,18,75
2023-06-27,19,57
2023-06-27,20,52
2023-06-27,21,57
2023-06-27,22,40
2023-06-27,23,35
2023-06-28,0,17
2023-06-28,1,8
2023-06-28,2,12
2023-06-28,3,7
2023-06-28,4,7
2023-06-28,5,16
2023-06-28,6,49
2023-06-28,7,115
2023-06-28,8,137
2023-06-28,9,123
2023-06-28,10,101
2023-06-28,11,77
2023-06-28,12,150
2023-06-28,13,104
2023-06-28,14,98
2023-06-28,15,91
2023-06-28,16,106
2023-06-28,17,77
2023-06-28,18,68
2023-06-28,19,64
2023-06-28,20,37
2023-06-28,21,48
2023-06-28,22,51
2023-06-28,23,34
2023-06-29,0,24
2023-06-29,1,12
2023-06-29,2,8
2023-06-29,3,17
2023-06-29,4,6
2023-06-29,5,28
2023-06-29,6,46
2023-06-29,7,112
2023-06-29,8,133
2023-06-29,9,112
2023-06-29,10,75
2023-06-29,11,92
2023-06-29,12,105
2023-06-29,13,92
2023-06-29,14,84
2023-06-29,15,88
2023-06-29,16,96
2023-06-29,17,97
2023-06-29,18,80
2023-06-29,19,67
2023-06-29,20,61
2023-06-29,21,51
2023-06-29,22,53
2023-06-29,23,36
2023-06-30,0,31
2023-06-30,1,16
2023-06-30,2,16
2023-06-30,3,12
2023-06-30,4,12
2023-06-30,5,21
2023-06-30,6,44
2023-06-30,7,92
2023-06-30,8,98
2023-06-30,9,92
2023-06-30,10,88
2023-06-30,11,126
2023-06-30,12,101
2023-06-30,13,96
2023-06-30,14,85
2023-06-30,15,93
2023-06-30,16,119
2023-06-30,17,101
2023-06-30,18,114
2023-06-30,19,92
2023-06-30,20,80
2023-06-30,21,62
2023-06-30,22,72
2023-06-30,23,62
2023-07-01,0,52
2023-07-01,1,36
2023-07-01,2,26
2023-07-01,3,12
2023-07-01,4,0
2023-07-01,5,16
2023-07-01,6,21
2023-07-01,7,37
2023-07-01,8,68
2023-07-01,9,62
2023-07-01,10,66
2023-07-01,11,79
2023-07-01,12,135
2023-07-01,13,124
2023-07-01,14,132
2023-07-01,15,114
2023-07-01,16,123
2023-07-01,17,109
2023-07-01,18,101
2023-07-01,19,82
2023-07-01,20,87
2023-07-01,21,92
2023-07-01,22,80
2023-07-01,23,76
2023-07-02,0,57
2023-07-02,1,43
2023-07-02,2,33
2023-07-02,3,24
2023-07-02,4,7
2023-07-02,5,3
2023-07-02,6,21
2023-07-02,7,36
2023-07-02,8,53
2023-07-02,9,76
2023-07-02,10,88
2023-07-02,11,84
2023-07-02,12,104
2023-07-02,13,88
2023-07-02,14,92
2023-07-02,15,93
2023-07-02,16,84
2023-07-02,17,71
2023-07-02,18,84
2023-07-02,19,57
2023-07-02,20,57
2023-07-02,21,52
2023-07-02,22,36
2023-07-02,23,35
2023-07-03,0,14
2023-07-03,1,14
2023-07-03,2,16
2023-07-03,3,16
2023-07-03,4,8
2023-07-03,5,13
2023-07-03,6,54
2023-07-03,7,88
2023-07-03,8,123
2023-07-03,9,92
2023-07-03,10,74
2023-07-03,11,89
2023-07-03,12,82
2023-07-03,13,81
2023-07-03,14,67
2023-07-03,15,76
2023-07-03,16,88
2023-07-03,17,56
2023-07-03,18,67
2023-07-03,19,44
2023-07-03,20,44
2023-07-03,21,44
2023-07-03,22,36
2023-07-03,23,18
2023-07-04,0,13
2023-07-04,1,8
2023-07-04,2,10
2023-07-04,3,6
2023-07-04,4,10
2023-07-04,5,20
2023-07-04,6,45
2023-07-04,7,91
2023-07-04,8,105
2023-07-04,9,103
2023-07-04,10,86
2023-07-04,11,79
2023-07-04,12,90
2023-07-04,13,84
2023-07-04,14,90
2023-07-04,15,113
2023-07-04,16,92
2023-07-04,17,80
2023-07-04,18,71
2023-07-04,19,48
2023-07-04,20,52
2023-07-04,21,52
2023-07-04,22,34
2023-07-04,23,23
2023-07-05,0,16
2023-07-05,1,16
2023-07-05,2,12
2023-07-05,3,8
2023-07-05,4,5
2023-07-05,5,20
2023-07-05,6,50
2023-07-05,7,103
2023-07-05,8,106
2023-07-05,9,80
2023-07-05,10,86
2023-07-05,11,93
2023-07-05,12,96
2023-07-05,13,84
2023-07-05,14,76
2023-07-05,15,80
2023-07-05,16,100
2023-07-05,17,80
2023-07-05,18,72
2023-07-05,19,47
2023-07-05,20,47
2023-07-05,21,48
2023-07-05,22,48
2023-07-05,23,34
2023-07-06,0,25
2023-07-06,1,8
2023-07-06,2,19
2023-07-06,3,6
2023-07-06,4,8
2023-07-06,5,12
2023-07-06,6,53
2023-07-06,7,123
2023-07-06,8,119
2023-07-06,9,96
2023-07-06,10,106
2023-07-06,11,68
2023-07-06,12,90
2023-07-06,13,84
2023-07-06,14,79
2023-07-06,15,88
2023-07-06,16,96
2023-07-06,17,92
2023-07-06,18,84
2023-07-06,19,67
2023-07-06,20,62
2023-07-06,21,57
2023-07-06,22,58
2023-07-06,23,40
2023-07-07,0,31
2023-07-07,1,16
2023-07-07,2,16
2023-07-07,3,12
2023-07-07,4,8
2023-07-07,5,16
2023-07-07,6,44
2023-07-07,7,92
2023-07-07,8,109
2023-07-07,9,88
2023-07-07,10,85
2023-07-07,11,91
2023-07-07,12,86
2023-07-07,13,95
2023-07-07,14,103
2023-07-07,15,84
2023-07-07,16,114
2023-07-07,17,100
2023-07-07,18,101
2023-07-07,19,84
2023-07-07,20,85
2023-07-07,21,69
2023-07-07,22,57
2023-07-07,23,71
2023-07-08,0,55
2023-07-08,1,50
2023-07-08,2,26
2023-07-08,3,19
2023-07-08,4,9
2023-07-08,5,15
2023-07-08,6,21
2023-07-08,7,53
2023-07-08,8,66
2023-07-08,9,72
2023-07-08,10,75
2023-07-08,11,88
2023-07-08,12,94
2023-07-08,13,119
2023-07-08,14,123
2023-07-08,15,109
2023-07-08,16,123
2023-07-08,17,119
2023-07-08,18,104
2023-07-08,19,79
2023-07-08,20,75
2023-07-08,21,92
2023-07-08,22,89
2023-07-08,23,78
2023-07-09,0,54
2023-07-09,1,49
2023-07-09,2,39
2023-07-09,3,23
2023-07-09,4,9
2023-07-09,5,7
2023-07-09,6,18
2023-07-09,7,32
2023-07-09,8,48
2023-07-09,9,80
2023-07-09,10,96
2023-07-09,11,100
2023-07-09,12,124
2023-07-09,13,96
2023-07-09,14,100
2023-07-09,15,106
2023-07-09,16,124
2023-07-09,17,84
2023-07-09,18,97
2023-07-09,19,58
2023-07-09,20,44
2023-07-09,21,44
2023-07-09,22,40
2023-07-09,23,36
2023-07-10,0,17
2023-07-10,1,10
2023-07-10,2,10
2023-07-10,3,5
2023-07-10,4,14
2023-07-10,5,16
2023-07-10,6,44
2023-07-10,7,101
2023-07-10,8,72
2023-07-10,9,84
2023-07-10,10,85
2023-07-10,11,80
2023-07-10,12,84
2023-07-10,13,84
2023-07-10,14,66
2023-07-10,15,76
2023-07-10,16,87
2023-07-10,17,53
2023-07-10,18,72
2023-07-10,19,48
2023-07-10,20,40
2023-07-10,21,44
2023-07-10,22,36
2023-07-10,23,21
2023-07-11,0,16
2023-07-11,1,4
2023-07-11,2,4
2023-07-11,3,4
2023-07-11,4,12
2023-07-11,5,21
2023-07-11,6,37
2023-07-11,7,105
2023-07-11,8,123
2023-07-11,9,92
2023-07-11,10,80
2023-07-11,11,92
2023-07-11,12,88
2023-07-11,13,86
2023-07-11,14,84
2023-07-11,15,83
2023-07-11,16,96
2023-07-11,17,87
2023-07-11,18,80
2023-07-11,19,44
2023-07-11,20,42
2023-07-11,21,39
2023-07-11,22,36
2023-07-11,23,27
2023-07-12,0,16
2023-07-12,1,12
2023-07-12,2,12
2023-07-12,3,6
2023-07-12,4,6
2023-07-12,5,20
2023-07-12,6,53
2023-07-12,7,110
2023-07-12,8,127
2023-07-12,9,79
2023-07-12,10,79
2023-07-12,11,94
2023-07-12,12,63
2023-07-26,10,85
2023-07-26,11,85
2023-07-26,12,76
2023-07-26,13,84
2023-07-26,14,76
2023-07-26,15,80
2023-07-26,16,76
2023-07-26,17,88
2023-07-26,18,76
2023-07-26,19,52
2023-07-26,20,40
2023-07-26,21,48
2023-07-26,22,44
2023-07-26,23,34
2023-07-27,0,30
2023-07-27,1,29
2023-07-27,2,23
2023-07-27,3,7
2023-07-27,4,6
2023-07-27,5,22
2023-07-27,6,69
2023-07-27,7,140
2023-07-27,8,127
2023-07-27,9,101
2023-07-27,10,111
2023-07-27,11,88
2023-07-27,12,88
2023-07-27,13,84
2023-07-27,14,84
2023-07-27,15,88
2023-07-27,16,105
2023-07-27,17,100
2023-07-27,18,102
2023-07-27,19,67
2023-07-27,20,62
2023-07-27,21,48
2023-07-27,22,50
2023-07-27,23,39
2023-07-28,0,25
2023-07-28,1,26
2023-07-28,2,9
2023-07-28,3,11
2023-07-28,4,16
2023-07-28,5,16
2023-07-28,6,38
2023-07-28,7,92
2023-07-28,8,156
2023-07-28,9,124
2023-07-28,10,137
2023-07-28,11,134
2023-07-28,12,121
2023-07-28,13,122
2023-07-28,14,123
2023-07-28,15,88
2023-07-28,16,117
2023-07-28,17,100
2023-07-28,18,101
2023-07-28,19,95
2023-07-28,20,84
2023-07-28,21,67
2023-07-28,22,64
2023-07-28,23,68
2023-07-29,0,54
2023-07-29,1,31
2023-07-29,2,33
2023-07-29,3,15
2023-07-29,4,17
2023-07-29,5,12
2023-07-29,6,19
2023-07-29,7,53
2023-07-29,8,62
2023-07-29,9,72
2023-07-29,10,79
2023-07-29,11,88
2023-07-29,12,96
2023-07-29,13,114
2023-07-29,14,118
2023-07-29,15,109
2023-07-29,16,105
2023-07-29,17,110
2023-07-29,18,115
2023-07-29,19,88
2023-07-29,20,88
2023-07-29,21,84
2023-07-29,22,78
2023-07-29,23,81
2023-07-30,0,48
2023-07-30,1,42
2023-07-30,2,45
2023-07-30,3,25
2023-07-30,4,8
2023-07-30,5,8
2023-07-30,6,21
2023-07-30,7,31
2023-07-30,8,48
2023-07-30,9,76
2023-07-30,10,88
2023-07-30,11,88
2023-07-30,12,104
2023-07-30,13,88
2023-07-30,14,92
2023-07-30,15,84
2023-07-30,16,80
2023-07-30,17,80
2023-07-30,18,79
2023-07-30,19,57
2023-07-30,20,44
2023-07-30,21,44
2023-07-30,22,40
2023-07-30,23,42
2023-07-31,0,30
2023-07-31,1,16
2023-07-31,2,26
2023-07-31,3,12
2023-07-31,4,15
2023-07-31,5,30
2023-07-31,6,76
2023-07-31,7,121
2023-07-31,8,119
2023-07-31,9,82
2023-07-31,10,91
2023-07-31,11,93
2023-07-31,12,82
2023-07-31,13,84
2023-07-31,14,70
2023-07-31,15,80
2023-07-31,16,86
2023-07-31,17,66
2023-07-31,18,62
2023-07-31,19,44
2023-07-31,20,48
2023-07-31,21,44
2023-07-31,22,36
2023-07-31,23,28
2023-08-01,0,11
2023-08-01,1,10
2023-08-01,2,21
2023-08-01,3,9
2023-08-01,4,10
2023-08-01,5,22
2023-08-01,6,43
2023-08-01,7,115
2023-08-01,8,109
2023-08-01,9,98
2023-08-01,10,94
2023-08-01,11,84
2023-08-01,12,100
2023-08-01,13,80
2023-08-01,14,84
2023-08-01,15,92
2023-08-01,16,106
2023-08-01,17,88
2023-08-01,18,80
2023-08-01,19,57
2023-08-01,20,52
2023-08-01,21,52
2023-08-01,22,40
2023-08-01,23,25
2023-08-02,0,21
2023-08-02,1,16
2023-08-02,2,13
2023-08-02,3,2
2023-08-02,4,7
2023-08-02,5,18
2023-08-02,6,51
2023-08-02,7,115
2023-08-02,8,123
2023-08-02,9,96
2023-08-02,10,84
2023-08-02,11,84
2023-08-02,12,92
2023-08-02,13,98
2023-08-02,14,80
2023-08-02,15,79
2023-08-02,16,112
2023-08-02,17,92
2023-08-02,18,68
2023-08-02,19,59
2023-08-02,20,36
2023-08-02,21,48
2023-08-02,22,44
2023-08-02,23,27
2023-08-03,0,19
2023-08-03,1,14
2023-08-03,2,15
2023-08-03,3,7
2023-08-03,4,6
2023-08-03,5,16
2023-08-03,6,59
2023-08-03,7,101
2023-08-03,8,110
2023-08-03,9,89
2023-08-03,10,98
2023-08-03,11,91
2023-08-03,12,96
2023-08-03,13,88
2023-08-03,14,78
2023-08-03,15,84
2023-08-03,16,101
2023-08-03,17,101
2023-08-03,18,93
2023-08-03,19,64
2023-08-03,20,61
2023-08-03,21,52
2023-08-03,22,53
2023-08-03,23,34
2023-08-04,0,19
2023-08-04,1,15
2023-08-04,2,16
2023-08-04,3,12
2023-08-04,4,23
2023-08-04,5,11
2023-08-04,6,44
2023-08-04,7,88
2023-08-04,8,146
2023-08-04,9,96
2023-08-04,10,92
2023-08-04,11,100
2023-08-04,12,101
2023-08-04,13,100
2023-08-04,14,105
2023-08-04,15,88
2023-08-04,16,104
2023-08-04,17,109
2023-08-04,18,124
2023-08-04,19,95
2023-08-04,20,92
2023-08-04,21,76
2023-08-04,22,76
2023-08-04,23,76
2023-08-05,0,57
2023-08-05,1,40
2023-08-05,2,36
2023-08-05,3,17
2023-08-05,4,16
2023-08-05,5,16
2023-08-05,6,21
2023-08-05,7,49
2023-08-05,8,65
2023-08-05,9,72
2023-08-05,10,79
2023-08-05,11,88
2023-08-05,12,88
2023-08-05,13,114
2023-08-05,14,106
2023-08-05,15,104
2023-08-05,16,105
2023-08-05,17,110
2023-08-05,18,123
2023-08-05,19,88
2023-08-05,20,84
2023-08-05,21,83
2023-08-05,22,96
2023-08-05,23,80
2023-08-06,0,62
2023-08-06,1,43
2023-08-06,2,44
2023-08-06,3,26
2023-08-06,4,12
2023-08-06,5,8
2023-08-06,6,21
2023-08-06,7,40
2023-08-06,8,48
2023-08-06,9,76
2023-08-06,10,88
2023-08-06,11,88
2023-08-06,12,102
2023-08-06,13,88
2023-08-06,14,92
2023-08-06,15,93
2023-08-06,16,80
2023-08-06,17,84
2023-08-06,18,83
2023-08-06,19,62
2023-08-06,20,48
2023-08-06,21,44
2023-08-06,22,44
2023-08-06,23,45
2023-08-07,0,26
2023-08-07,1,16
2023-08-07,2,16
2023-08-07,3,16
2023-08-07,4,12
2023-08-07,5,16
2023-08-07,6,49
2023-08-07,7,110
2023-08-07,8,114
2023-08-07,9,78
2023-08-07,10,80
2023-08-07,11,70
2023-08-07,12,68
2023-08-07,13,80
2023-08-07,14,67
2023-08-07,15,76
2023-08-07,16,97
2023-08-07,17,61
2023-08-07,18,62
2023-08-07,19,32
2023-08-07,20,37
2023-08-07,21,20
2023-08-07,22,23
2023-08-07,23,24
2023-08-08,0,16
2023-08-08,1,11
2023-08-08,2,12
2023-08-08,3,3
2023-08-08,4,27
2023-08-08,5,3
2023-08-08,6,45
2023-08-08,7,102
2023-08-08,8,128
2023-08-08,9,96
2023-08-08,10,88
2023-08-08,11,88
2023-08-08,12,105
2023-08-08,13,93
2023-08-08,14,80
2023-08-08,15,84
2023-08-08,16,101
2023-08-08,17,93
2023-08-08,18,80
2023-08-08,19,57
2023-08-08,20,52
2023-08-08,21,48
2023-08-08,22,36
2023-08-08,23,31
2023-08-09,0,21
2023-08-09,1,16
2023-08-09,2,12
2023-08-09,3,4
2023-08-09,4,4
2023-08-09,5,16
2023-08-09,6,49
2023-08-09,7,92
2023-08-09,8,105
2023-08-09,9,92
2023-08-09,10,80
2023-08-09,11,80
2023-08-09,12,84
2023-08-09,13,88
2023-08-09,14,76
2023-08-09,15,80
2023-08-09,16,96
2023-08-09,17,63
2023-08-09,18,55
2023-08-09,19,48
2023-08-09,20,40
2023-08-09,21,48
2023-08-09,22,42
2023-08-09,23,22
2023-08-10,0,19
2023-08-10,1,14
2023-08-10,2,12
2023-08-10,3,10
2023-08-10,4,9
2023-08-10,5,12
2023-08-10,6,34
2023-08-10,7,84
2023-08-10,8,77
2023-08-10,9,71
2023-08-10,10,82
2023-08-10,11,63
2023-08-10,12,71
2023-08-10,13,67
2023-08-10,14,67
2023-08-10,15,80
2023-08-10,16,92
2023-08-10,17,96
2023-08-10,18,80
2023-08-10,19,67
2023-08-10,20,62
2023-08-10,21,52
2023-08-10,22,57
2023-08-10,23,20
2023-08-11,0,23
2023-08-11,1,12
2023-08-11,2,11
2023-08-11,3,13
2023-08-11,4,10
2023-08-11,5,18
2023-08-11,6,48
2023-08-11,7,83
2023-08-11,8,142
2023-08-11,9,84
2023-08-11,10,76
2023-08-11,11,84
2023-08-11,12,80
2023-08-11,13,92
2023-08-11,14,92
2023-08-11,15,76
2023-08-11,16,92
2023-08-11,17,96
2023-08-11,18,104
2023-08-11,19,88
2023-08-11,20,80
2023-08-11,21,62
2023-08-11,22,65
2023-08-11,23,48
2023-08-12,0,42
2023-08-12,1,33
2023-08-12,2,20
2023-08-12,3,17
2023-08-12,4,14
2023-08-12,5,11
2023-08-12,6,17
2023-08-12,7,49
2023-08-12,8,48
2023-08-12,9,72
2023-08-12,10,83
2023-08-12,11,92
2023-08-12,12,100
2023-08-12,13,110
2023-08-12,14,112
2023-08-12,15,109
2023-08-12,16,109
2023-08-12,17,119
2023-08-12,18,123
2023-08-12,19,88
2023-08-12,20,0
2023-08-12,21,104
2023-08-13,3,12
2023-08-13,4,24
2023-08-13,5,15
2023-08-13,6,21
2023-08-13,7,36
2023-08-13,8,48
2023-08-13,9,80
2023-08-13,10,92
2023-08-13,11,92
2023-08-13,12,104
2023-08-13,13,92
2023-08-13,14,92
2023-08-13,15,93
2023-08-13,16,80
2023-08-13,17,84
2023-08-13,18,88
2023-08-13,19,63
2023-08-13,20,52
2023-08-13,21,44
2023-08-13,22,39
2023-08-13,23,40
2023-08-14,0,16
2023-08-14,1,16
2023-08-14,2,16
2023-08-14,3,16
2023-08-14,4,8
2023-08-14,5,16
2023-08-14,6,49
2023-08-14,7,110
2023-08-14,8,120
2023-08-14,9,88
2023-08-14,10,80
2023-08-14,11,58
2023-08-14,12,84
2023-08-14,13,84
2023-08-14,14,67
2023-08-14,15,67
2023-08-14,16,62
2023-08-14,17,67
2023-08-14,18,55
2023-08-14,19,44
2023-08-14,20,44
2023-08-14,21,36
2023-08-14,22,36
2023-08-14,23,26
2023-08-15,0,16
2023-08-15,1,12
2023-08-15,2,12
2023-08-15,3,4
2023-08-15,5,16
2023-08-15,6,52
2023-08-15,8,112
2023-08-15,9,96
2023-08-15,10,92
2023-08-15,11,84
2023-08-15,12,105
2023-08-15,13,92
2023-08-15,14,72
2023-08-15,15,68
2023-08-15,16,88
2023-08-15,17,88
2023-08-15,18,80
2023-08-15,19,53
2023-08-15,20,48
2023-08-15,21,44
2023-08-15,22,36
2023-08-15,23,33
2023-08-16,0,22
2023-08-16,1,16
2023-08-16,2,16
2023-08-16,3,11
2023-08-16,4,7
2023-08-16,5,18
2023-08-16,6,57
2023-08-16,7,105
2023-08-16,8,114
2023-08-16,9,92
2023-08-16,10,84
2023-08-16,11,92
2023-08-16,12,92
2023-08-16,13,88
2023-08-16,14,76
2023-08-16,15,84
2023-08-16,16,100
2023-08-16,17,80
2023-08-16,18,72
2023-08-16,19,48
2023-08-16,20,41
2023-08-16,21,44
2023-08-16,22,44
2023-08-16,23,39
2023-08-17,0,17
2023-08-17,1,12
2023-08-17,2,16
2023-08-17,3,4
2023-08-17,4,8
2023-08-17,5,17
2023-08-17,6,49
2023-08-17,7,99
2023-08-17,8,116
2023-08-17,9,88
2023-08-17,10,101
2023-08-17,11,87
2023-08-17,12,93
2023-08-17,13,80
2023-08-17,14,80
2023-08-17,15,88
2023-08-17,16,99
2023-08-17,17,104
2023-08-17,18,88
2023-08-17,19,54
2023-08-17,20,62
2023-08-17,21,52
2023-08-17,22,49
2023-08-17,23,36
2023-08-18,0,21
2023-08-18,1,16
2023-08-18,2,16
2023-08-18,3,8
2023-08-18,4,16
2023-08-18,5,16
2023-08-18,6,39
2023-08-18,7,97
2023-08-18,8,150
2023-08-18,9,84
2023-08-18,10,88
2023-08-18,11,83
2023-08-18,12,101
2023-08-18,13,100
2023-08-18,14,96
2023-08-18,15,76
2023-08-18,16,109
2023-08-18,17,101
2023-08-18,18,100
2023-08-18,19,92
2023-08-18,20,84
2023-08-18,21,67
2023-08-18,22,63
2023-08-18,23,72
2023-08-19,0,54
2023-08-19,1,38
2023-08-19,2,28
2023-08-19,3,12
2023-08-19,4,12
2023-08-19,5,13
2023-08-19,6,21
2023-08-19,7,49
2023-08-19,8,66
2023-08-19,9,76
2023-08-19,10,71
2023-08-19,11,84
2023-08-19,12,92
2023-08-19,13,161
2023-08-19,14,105
2023-08-19,15,110
2023-08-19,16,113
2023-08-19,17,98
2023-08-19,18,104
2023-08-19,19,72
2023-08-19,20,84
2023-08-19,21,80
2023-08-19,22,84
2023-08-19,23,72
2023-08-20,0,57
2023-08-20,1,44
2023-08-20,2,40
2023-08-20,3,21
2023-08-20,4,8
2023-08-20,5,12
2023-08-20,6,21
2023-08-20,7,40
2023-08-20,8,53
2023-08-20,9,76
2023-08-20,10,88
2023-08-20,11,92
2023-08-20,12,100
2023-08-20,13,84
2023-08-20,14,88
2023-08-20,15,89
2023-08-20,16,76
2023-08-20,17,80
2023-08-20,18,75
2023-08-20,19,61
2023-08-20,20,44
2023-08-20,21,40
2023-08-20,22,30
2023-08-20,23,25
2023-08-21,0,17
2023-08-21,1,16
2023-08-21,2,16
2023-08-21,3,16
2023-08-21,4,8
2023-08-21,5,17
2023-08-21,6,40
2023-08-21,7,96
2023-08-21,8,114
2023-08-21,9,96
2023-08-21,10,80
2023-08-21,11,84
2023-08-21,12,84
2023-08-21,13,76
2023-08-21,14,61
2023-08-21,15,93
2023-08-21,16,84
2023-08-21,17,61
2023-08-21,18,57
2023-08-21,19,40
2023-08-21,20,44
2023-08-21,21,40
2023-08-21,22,36
2023-08-21,23,26
2023-08-22,0,16
2023-08-22,1,12
2023-08-22,2,12
2023-08-22,3,4
2023-08-22,4,16
2023-08-22,5,16
2023-08-22,6,48
2023-08-22,7,110
2023-08-22,8,139
2023-08-22,9,100
2023-08-22,10,92
2023-08-22,11,80
2023-08-22,12,110
2023-08-22,13,88
2023-08-22,14,72
2023-08-22,15,80
2023-08-22,16,90
2023-08-22,17,70
2023-08-22,18,82
2023-08-22,19,57
2023-08-22,20,51
2023-08-22,21,48
2023-08-22,22,36
2023-08-22,23,50
2023-08-23,0,21
2023-08-23,1,21
2023-08-23,2,11
2023-08-23,3,5
2023-08-23,4,9
2023-08-23,5,16
2023-08-23,6,53
2023-08-23,7,108
2023-08-23,8,118
2023-08-23,9,96
2023-08-23,10,83
2023-08-23,11,97
2023-08-23,12,96
2023-08-23,13,88
2023-08-23,14,76
2023-08-23,15,80
2023-08-23,16,100
2023-08-23,17,89
2023-08-23,18,67
2023-08-23,19,52
2023-08-23,20,40
2023-08-23,21,52
2023-08-23,22,44
2023-08-23,23,36
2023-08-24,0,21
2023-08-24,1,16
2023-08-24,2,16
2023-08-24,3,4
2023-08-24,4,8
2023-08-24,5,16
2023-08-24,6,49
2023-08-24,7,101
2023-08-24,8,119
2023-08-24,9,87
2023-08-24,10,85
2023-08-24,11,80
2023-08-24,12,92
2023-08-24,13,80
2023-08-24,14,71
2023-08-24,15,88
2023-08-24,16,101
2023-08-24,17,101
2023-08-24,18,88
2023-08-24,19,72
2023-08-24,20,72
2023-08-24,21,52
2023-08-24,22,40
2023-08-24,23,32
2023-08-25,0,34
2023-08-25,1,14
2023-08-25,2,19
2023-08-25,3,14
2023-08-25,4,9
2023-08-25,5,24
2023-08-25,6,49
2023-08-25,7,88
2023-08-25,8,152
2023-08-25,9,85
2023-08-25,10,86
2023-08-25,11,94
2023-08-25,12,93
2023-08-25,13,101
2023-08-25,14,74
2023-08-25,15,84
2023-08-25,16,110
2023-08-25,17,105
2023-08-25,18,117
2023-08-25,19,91
2023-08-25,20,88
2023-08-25,21,72
2023-08-25,22,74
2023-08-25,23,49
2023-08-26,0,59
2023-08-26,1,47
2023-08-26,2,31
2023-08-26,3,16
2023-08-26,4,7
2023-08-26,5,16
2023-08-26,6,21
2023-08-26,7,53
2023-08-26,8,66
2023-08-26,9,77
2023-08-26,10,73
2023-08-26,11,94
2023-08-26,12,84
2023-08-26,13,119
2023-08-26,14,99
2023-08-26,15,104
2023-08-26,16,105
2023-08-26,17,109
2023-08-26,18,109
2023-08-26,19,83
2023-08-26,20,72
2023-08-26,21,80
2023-08-26,22,87
2023-08-26,23,72
2023-08-27,0,84
2023-08-27,1,50
2023-08-27,2,32
2023-08-27,3,35
2023-08-27,4,16
2023-08-27,5,9
2023-08-27,6,24
2023-08-27,7,36
2023-08-27,8,53
2023-08-27,9,80
2023-08-27,10,92
2023-08-27,11,100
2023-08-27,12,114
2023-08-27,13,101
2023-08-27,14,111
2023-08-27,15,115
2023-08-27,16,80
2023-08-27,17,80
2023-08-27,18,84
2023-08-27,19,52
2023-08-27,20,44
2023-08-27,21,44
2023-08-27,22,40
2023-08-27,23,37
2023-08-28,0,23
2023-08-28,1,18
2023-08-28,2,10
2023-08-28,3,4
2023-08-28,4,6
2023-08-28,5,18
2023-08-28,6,51
2023-08-28,7,70
2023-08-28,8,84
2023-08-28,9,84
2023-08-28,10,76
2023-08-28,11,71
2023-08-28,12,71
2023-08-28,13,76
2023-08-28,14,62
2023-08-28,15,77
2023-08-28,16,84
2023-08-28,17,57
2023-08-28,18,57
2023-08-28,19,40
2023-08-28,20,44
2023-08-28,21,40
2023-08-28,22,36
2023-08-28,23,26
2023-08-29,0,19
2023-08-29,1,15
2023-08-29,2,10
2023-08-29,3,2
2023-08-29,4,16
2023-08-29,5,21
2023-08-29,6,49
2023-08-29,7,110
2023-08-29,8,134
2023-08-29,9,97
2023-08-29,10,92
2023-08-29,11,84
2023-08-29,12,101
2023-08-29,13,88
2023-08-29,14,80
2023-08-29,15,92
2023-08-29,16,117
2023-08-29,17,84
2023-08-29,18,80
2023-08-29,19,57
2023-08-29,20,48
2023-08-29,21,48
2023-08-29,22,45
2023-08-29,23,36
2023-08-30,0,18
2023-08-30,1,16
2023-08-30,2,16
2023-08-30,3,4
2023-08-30,4,4
2023-08-30,5,16
2023-08-30,6,51
2023-08-30,7,103
2023-08-30,8,151
2023-08-30,9,93
2023-08-30,10,84
2023-08-30,11,84
2023-08-30,12,87
2023-08-30,13,97
2023-08-30,14,77
2023-08-30,15,72
2023-08-30,16,96
2023-08-30,17,84
2023-08-30,18,62
2023-08-30,20,40
2023-08-30,21,48
2023-08-30,22,45
2023-08-30,23,31
2023-08-31,0,20
2023-08-31,1,15
2023-08-31,2,12
2023-08-31,3,10
2023-08-31,4,7
2023-08-31,5,23
2023-08-31,6,41
2023-08-31,7,86
2023-08-31,8,132
2023-08-31,9,101
2023-08-31,10,116
2023-08-31,11,67
2023-08-31,12,87
2023-08-31,13,84
2023-08-31,14,80
2023-08-31,15,88
2023-08-31,16,100
2023-08-31,17,105
2023-08-31,18,88
2023-08-31,19,67
2023-08-31,20,57
2023-08-31,21,52
2023-08-31,22,49
2023-08-31,23,36
2023-09-01,0,21
2023-09-01,1,16
2023-09-01,2,16
2023-09-01,3,12
2023-09-01,4,12
2023-09-01,5,16
2023-09-01,6,44
2023-09-01,7,92
2023-09-01,8,152
2023-09-01,9,84
2023-09-01,10,80
2023-09-01,11,100
2023-09-01,12,92
2023-09-01,13,96
2023-09-01,14,92
2023-09-01,15,80
2023-09-01,16,104
2023-09-01,17,105
2023-09-01,18,113
2023-09-01,19,87
2023-09-01,20,84
2023-09-01,21,67
2023-09-01,22,65
2023-09-01,23,61
2023-09-02,0,43
2023-09-02,1,34
2023-09-02,2,32
2023-09-02,3,19
2023-09-02,4,8
2023-09-02,5,13
2023-09-02,6,25
2023-09-02,7,49
2023-09-02,8,66
2023-09-02,9,72
2023-09-02,10,79
2023-09-02,11,92
2023-09-02,12,93
2023-09-02,13,119
2023-09-02,14,109
2023-09-02,15,104
2023-09-02,16,102
2023-09-02,17,101
2023-09-02,18,114
2023-09-02,19,84
2023-09-02,20,84
2023-09-02,21,84
2023-09-02,22,88
2023-09-02,23,72
2023-09-03,0,62
2023-09-03,1,44
2023-09-03,2,40
2023-09-03,3,21
2023-09-03,4,12
2023-09-03,5,8
2023-09-03,6,25
2023-09-03,7,62
2023-09-03,8,66
2023-09-03,9,88
2023-09-03,10,92
2023-09-03,11,92
2023-09-03,12,100
2023-09-03,13,88
2023-09-03,14,101
2023-09-03,15,93
2023-09-03,16,76
2023-09-03,17,76
2023-09-03,18,75
2023-09-03,19,53
2023-09-03,20,44
2023-09-03,21,44
2023-09-03,22,40
2023-09-03,23,31
2023-09-04,0,22
2023-09-04,1,21
2023-09-04,2,11
2023-09-04,3,8
2023-09-04,4,8
2023-09-04,5,23
2023-09-04,6,56
2023-09-04,7,113
2023-09-04,8,118
2023-09-04,9,84
2023-09-04,10,62
2023-09-04,11,76
2023-09-04,12,79
2023-09-04,13,73
2023-09-04,14,62
2023-09-04,15,55
2023-09-04,16,74
2023-09-04,17,57
2023-09-04,18,57
2023-09-04,19,44
2023-09-04,20,44
2023-09-04,21,40
2023-09-04,22,36
2023-09-04,23,32
2023-09-05,0,19
2023-09-05,1,6
2023-09-05,2,4
2023-09-05,3,7
2023-09-05,4,7
2023-09-05,5,17
2023-09-05,6,44
2023-09-05,7,106
2023-09-05,8,123
2023-09-05,9,110
2023-09-05,10,88
2023-09-05,11,84
2023-09-05,12,97
2023-09-05,13,80
2023-09-05,14,76
2023-09-05,15,88
2023-09-05,16,92
2023-09-05,17,84
2023-09-05,18,80
2023-09-05,19,57
2023-09-05,20,52
2023-09-05,21,44
2023-09-05,22,36
2023-09-05,23,37
2023-09-06,0,10
2023-09-06,1,11
2023-09-06,2,15
2023-09-06,3,0
2023-09-06,4,4
2023-09-06,5,16
2023-09-06,6,53
2023-09-06,7,114
2023-09-06,8,154
2023-09-06,9,106
2023-09-06,10,99
2023-09-06,11,87
2023-09-06,12,88
2023-09-06,13,84
2023-09-06,14,91
2023-09-06,15,80
2023-09-06,16,100
2023-09-06,17,80
2023-09-06,18,71
2023-09-06,19,50
2023-09-06,20,40
2023-09-06,21,44
2023-09-06,22,44
2023-09-06,23,29
2023-09-07,0,12
2023-09-07,1,12
2023-09-07,2,16
2023-09-07,3,4
2023-09-07,4,16
2023-09-07,5,11
2023-09-07,6,49
2023-09-07,7,88
2023-09-07,8,107
2023-09-07,9,88
2023-09-07,10,101
2023-09-07,11,84
2023-09-07,12,89
2023-09-07,13,80
2023-09-07,14,76
2023-09-07,15,84
2023-09-07,16,96
2023-09-07,17,96
2023-09-07,18,88
2023-09-07,19,67
2023-09-07,20,57
2023-09-07,21,52
2023-09-07,22,53
2023-09-07,23,34
2023-09-08,0,21
2023-09-08,1,9
2023-09-08,2,17
2023-09-08,3,12
2023-09-08,4,7
2023-09-08,5,20
2023-09-08,6,46
2023-09-08,7,113
2023-09-08,8,158
2023-09-08,9,88
2023-09-08,10,90
2023-09-08,11,86
2023-09-08,12,75
2023-09-08,13,102
2023-09-08,14,89
2023-09-08,15,84
2023-09-08,16,96
2023-09-08,17,97
2023-09-08,18,109
2023-09-08,19,88
2023-09-08,20,88
2023-09-08,21,67
2023-09-08,22,69
2023-09-08,23,68
2023-09-09,0,50
2023-09-09,1,40
2023-09-09,2,19
2023-09-09,3,19
2023-09-09,4,5
2023-09-09,5,9
2023-09-09,6,33
2023-09-09,7,90
2023-09-09,8,126
2023-09-09,9,117
2023-09-09,10,137
2023-09-09,11,176
2023-09-09,12,101
2023-09-09,13,123
2023-09-09,14,113
2023-09-09,15,108
2023-09-09,16,99
2023-09-09,17,105
2023-09-09,18,114
2023-09-09,19,80
2023-09-09,20,80
2023-09-09,21,84
2023-09-09,22,88
2023-09-09,23,80
2023-09-10,0,57
2023-09-10,1,40
2023-09-10,2,40
2023-09-10,3,21
2023-09-10,4,16
2023-09-10,5,8
2023-09-10,6,21
2023-09-10,7,35
2023-09-10,8,48
2023-09-10,9,67
2023-09-10,10,88
2023-09-10,11,88
2023-09-10,12,100
2023-09-10,13,88
2023-09-10,14,92
2023-09-10,15,93
2023-09-10,16,74
2023-09-10,17,84
2023-09-10,18,78
2023-09-10,19,62
2023-09-10,20,40
2023-09-10,21,44
2023-09-10,22,33
2023-09-10,23,23
2023-09-11,0,19
2023-09-11,1,16
2023-09-11,2,9
2023-09-11,3,4
2023-09-11,4,12
2023-09-11,5,16
2023-09-11,6,49
2023-09-11,7,105
2023-09-11,8,114
2023-09-11,9,88
2023-09-11,10,80
2023-09-11,11,76
2023-09-11,12,80
2023-09-11,13,76
2023-09-11,14,70
2023-09-11,15,75
2023-09-11,16,82
2023-09-11,17,61
2023-09-11,18,67
2023-09-11,19,36
2023-09-11,20,44
2023-09-11,21,40
2023-09-11,22,36
2023-09-11,23,26
2023-09-12,0,30
2023-09-12,1,12
2023-09-12,2,8
2023-09-12,3,4
2023-09-12,4,8
2023-09-12,5,16
2023-09-12,6,53
2023-09-12,7,105
2023-09-12,8,124
2023-09-12,9,89
2023-09-12,10,99
2023-09-12,11,84
2023-09-12,12,101
2023-09-12,13,84
2023-09-12,14,89
2023-09-12,15,96
2023-09-12,16,66
2023-09-12,17,84
2023-09-12,18,80
2023-09-12,19,57
2023-09-12,20,52
2023-09-12,21,70
2023-09-12,22,50
2023-09-12,23,55
2023-09-13,0,31
2023-09-13,1,27
2023-09-13,2,18
2023-09-13,3,11
2023-09-13,4,12
2023-09-13,5,11
2023-09-13,6,67
2023-09-13,7,106
2023-09-13,8,139
2023-09-13,9,95
2023-09-13,10,88
2023-09-13,11,83
2023-09-13,12,88
2023-09-13,13,88
2023-09-13,14,84
2023-09-13,15,77
2023-09-13,16,100
2023-09-13,17,85
2023-09-13,18,54
2023-09-13,19,52
2023-09-13,20,40
2023-09-13,21,44
2023-09-13,22,51
2023-09-13,23,29
2023-09-14,0,28
2023-09-14,1,25
2023-09-14,2,17
2023-09-14,3,15
2023-09-14,4,14
2023-09-14,5,20
2023-09-14,6,70
2023-09-14,7,104
2023-09-14,8,114
2023-09-14,9,101
2023-09-14,10,112
2023-09-14,11,101
2023-09-14,12,109
2023-09-14,13,71
2023-09-14,14,86
2023-09-14,15,110
2023-09-14,16,93
2023-09-14,17,109
2023-09-14,18,87
2023-09-14,19,60
2023-09-14,20,62
2023-09-14,21,52
2023-09-14,22,57
2023-09-14,23,36
2023-09-15,0,27
2023-09-15,1,16
2023-09-15,2,22
2023-09-15,3,9
2023-09-15,4,11
2023-09-15,5,19
2023-09-15,6,50
2023-09-15,7,96
2023-09-15,8,151
2023-09-15,9,92
2023-09-15,10,88
2023-09-15,11,100
2023-09-15,12,105
2023-09-15,13,88
2023-09-15,14,109
2023-09-15,15,127
2023-09-15,16,103
2023-09-15,17,125
2023-09-15,18,119
2023-09-15,19,92
2023-09-15,20,84
2023-09-15,21,71
2023-09-15,22,62
2023-09-15,23,66
2023-09-16,0,47
2023-09-16,1,43
2023-09-16,2,28
2023-09-16,3,18
2023-09-16,4,9
2023-09-16,5,17
2023-09-16,6,26
2023-09-16,7,66
2023-09-16,8,75
2023-09-16,9,84
2023-09-16,10,92
2023-09-16,11,96
2023-09-16,12,97
2023-09-16,13,119
2023-09-16,14,83
2023-09-16,15,126
2023-09-16,16,109
2023-09-16,17,114
2023-09-16,18,109
2023-09-16,19,84
2023-09-16,20,80
2023-09-16,21,80
2023-09-16,22,84
2023-09-16,23,80
2023-09-17,0,62
2023-09-17,1,44
2023-09-17,2,40
2023-09-17,3,31
2023-09-17,4,16
2023-09-17,5,8
2023-09-17,6,21
2023-09-17,7,40
2023-09-17,8,48
2023-09-17,9,76
2023-09-17,10,83
2023-09-17,11,88
2023-09-17,12,105
2023-09-17,13,88
2023-09-17,14,88
2023-09-17,15,97
2023-09-17,16,83
2023-09-17,17,76
2023-09-17,18,84
2023-09-17,19,57
2023-09-17,20,40
2023-09-17,21,40
2023-09-17,22,36
2023-09-17,23,35
2023-09-18,0,10
2023-09-18,1,9
2023-09-18,2,7
2023-09-18,3,9
2023-09-18,4,10
2023-09-18,5,17
2023-09-18,6,53
2023-09-18,7,97
2023-09-18,8,114
2023-09-18,9,88
2023-09-18,10,76
2023-09-18,11,76
2023-09-18,12,76
2023-09-18,13,78
2023-09-18,14,62
2023-09-18,15,76
2023-09-18,16,79
2023-09-18,17,57
2023-09-18,18,59
2023-09-18,19,40
2023-09-18,20,44
2023-09-18,21,36
2023-09-18,22,36
2023-09-18,23,32
2023-09-19,0,15
2023-09-19,1,16
2023-09-19,2,15
2023-09-19,3,5
2023-09-19,4,9
2023-09-19,5,22
2023-09-19,6,36
2023-09-19,7,110
2023-09-19,8,128
2023-09-19,9,110
2023-09-19,10,101
2023-09-19,11,84
2023-09-19,12,109
2023-09-19,13,90
2023-09-19,14,80
2023-09-19,15,72
2023-09-19,16,88
2023-09-19,17,88
2023-09-19,18,69
2023-09-19,19,53
2023-09-19,20,52
2023-09-19,21,48
2023-09-19,22,33
2023-09-19,23,16
2023-09-20,0,19
2023-09-20,1,16
2023-09-20,2,16
2023-09-20,3,4
2023-09-20,4,4
2023-09-20,5,17
2023-09-20,6,58
2023-09-20,7,118
2023-09-20,8,127
2023-09-20,9,122
2023-09-20,10,87
2023-09-20,11,84
2023-09-20,12,96
2023-09-20,13,88
2023-09-20,14,84
2023-09-20,15,80
2023-09-20,16,100
2023-09-20,17,92
2023-09-20,18,67
2023-09-20,19,48
2023-09-20,20,43
2023-09-20,21,48
2023-09-20,22,44
2023-09-20,23,24
2023-09-21,0,28
2023-09-21,1,18
2023-09-21,2,13
2023-09-21,3,11
2023-09-21,4,13
2023-09-21,5,24
2023-09-21,6,49
2023-09-21,7,97
2023-09-21,8,117
2023-09-21,9,87
2023-09-21,10,90
2023-09-21,11,79
2023-09-21,12,95
2023-09-21,13,79
2023-09-21,14,80
2023-09-21,15,90
2023-09-21,16,102
2023-09-21,17,98
2023-09-21,18,90
2023-09-21,19,66
2023-09-21,20,57
2023-09-21,21,52
2023-09-21,22,49
2023-09-21,23,28
2023-09-22,0,21
2023-09-22,1,25
2023-09-22,2,23
2023-09-22,3,7
2023-09-22,4,11
2023-09-22,5,27
2023-09-22,6,44
2023-09-22,7,88
2023-09-22,8,145
2023-09-22,9,64
2023-09-22,10,96
2023-09-22,11,96
2023-09-22,12,95
2023-09-22,13,95
2023-09-22,14,92
2023-09-22,15,114
2023-09-22,16,100
2023-09-22,17,101
2023-09-22,18,112
2023-09-22,19,88
2023-09-22,20,84
2023-09-22,21,62
2023-09-22,22,71
2023-09-22,23,56
2023-09-23,0,41
2023-09-23,1,37
2023-09-23,2,32
2023-09-23,3,16
2023-09-23,4,9
2023-09-23,5,3
2023-09-23,6,21
2023-09-23,7,66
2023-09-23,8,79
2023-09-23,9,84
2023-09-23,10,96
2023-09-23,11,109
2023-09-23,12,88
2023-09-23,13,119
2023-09-23,14,109
2023-09-23,15,114
2023-09-23,16,100
2023-09-23,17,103
2023-09-23,18,113
2023-09-23,19,80
2023-09-23,20,80
2023-09-23,21,88
2023-09-23,22,87
2023-09-23,23,80
2023-09-24,0,67
2023-09-24,1,40
2023-09-24,2,40
2023-09-24,3,26
2023-09-24,4,12
2023-09-24,5,8
2023-09-24,6,21
2023-09-24,7,40
2023-09-24,8,53
2023-09-24,9,76
2023-09-24,10,92
2023-09-24,11,96
2023-09-24,12,119
2023-09-24,13,105
2023-09-24,14,92
2023-09-24,15,93
2023-09-24,16,80
2023-09-24,17,84
2023-09-24,18,82
2023-09-24,19,58
2023-09-24,20,58
2023-09-24,21,48
2023-09-24,22,40
2023-09-24,23,31
2023-09-25,0,24
2023-09-25,1,26
2023-09-25,2,13
2023-09-25,3,12
2023-09-25,4,11
2023-09-25,5,24
2023-09-25,6,49
2023-09-25,7,93
2023-09-25,8,97
2023-09-25,9,88
2023-09-25,10,72
2023-09-25,11,76
2023-09-25,12,80
2023-09-25,13,80
2023-09-25,14,62
2023-09-25,15,71
2023-09-25,16,76
2023-09-25,17,61
2023-09-25,18,52
2023-09-25,19,40
2023-09-25,20,44
2023-09-25,21,40
2023-09-25,22,36
2023-09-25,23,26
2023-09-26,0,10
2023-09-26,1,10
2023-09-26,2,4
2023-09-26,3,3
2023-09-26,4,12
2023-09-26,5,27
2023-09-26,6,54
2023-09-26,7,108
2023-09-26,8,139
2023-09-26,9,89
2023-09-26,10,90
2023-09-26,11,84
2023-09-26,12,105
2023-09-26,13,87
2023-09-26,14,76
2023-09-26,15,92
2023-09-26,16,66
2023-09-26,17,62
2023-09-26,18,80
2023-09-26,19,51
2023-09-26,20,39
2023-09-26,21,39
2023-09-26,22,40
2023-09-26,23,39
2023-09-27,0,20
2023-09-27,1,11
2023-09-27,2,14
2023-09-27,3,7
2023-09-27,4,9
2023-09-27,5,27
2023-09-27,6,41
2023-09-27,7,93
2023-09-27,8,131
2023-09-27,9,96
2023-09-27,10,84
2023-09-27,11,66
2023-09-27,12,92
2023-09-27,13,94
2023-09-27,14,80
2023-09-27,15,68
2023-09-27,16,102
2023-09-27,17,84
2023-09-27,18,67
2023-09-27,19,52
2023-09-27,20,44
2023-09-27,21,48
2023-09-27,22,48
2023-09-27,23,31
2023-09-28,0,13
2023-09-28,1,19
2023-09-28,2,13
2023-09-28,3,8
2023-09-28,4,12
2023-09-28,5,21
2023-09-28,6,55
2023-09-28,7,92
2023-09-28,8,144
2023-09-28,9,97
2023-09-28,10,96
2023-09-28,11,91
2023-09-28,12,99
2023-09-28,13,86
2023-09-28,14,76
2023-09-28,15,92
2023-09-28,16,102
2023-09-28,17,105
2023-09-28,18,100
2023-09-28,19,67
2023-09-28,20,44
2023-09-28,21,52
2023-09-28,22,50
2023-09-28,23,39
2023-09-29,0,23
2023-09-29,1,23
2023-09-29,2,11
2023-09-29,3,8
2023-09-29,4,18
2023-09-29,5,18
2023-09-29,6,48
2023-09-29,7,95
2023-09-29,8,153
2023-09-29,9,88
2023-09-29,10,88
2023-09-29,11,96
2023-09-29,12,92
2023-09-29,13,100
2023-09-29,14,100
2023-09-29,15,84
2023-09-29,16,109
2023-09-29,17,109
2023-09-29,18,119
2023-09-29,19,92
2023-09-29,20,84
2023-09-29,21,70
2023-09-29,22,72
2023-09-29,23,67
2023-09-30,0,48
2023-09-30,1,42
2023-09-30,2,43
2023-09-30,3,14
2023-09-30,4,8
2023-09-30,5,12
2023-09-30,6,21
2023-09-30,7,66
2023-09-30,8,75
2023-09-30,9,80
2023-09-30,10,96
2023-09-30,11,109
2023-09-30,12,101
2023-09-30,13,119
2023-09-30,14,109
2023-09-30,15,104
2023-09-30,16,104
2023-09-30,17,131
2023-09-30,18,127
2023-09-30,19,88
2023-09-30,20,84
2023-09-30,21,84
2023-09-30,22,113
2023-09-30,23,64
